date,close,bond_value,convert_value,bond_premium,convert_premium
2021-01-04,101.550000,98.977271,67.058824,2.599313,51.434211
2021-01-05,101.660000,99.020752,66.989619,2.665349,51.754855
2021-01-06,102.020000,99.060045,67.958478,2.988041,50.121079
2021-01-07,102.090000,99.106577,67.889273,3.010318,50.377217
2021-01-08,102.480000,99.226629,68.027682,3.278727,50.644557
2021-01-11,102.580000,99.263374,67.058824,3.341238,52.970175
2021-01-12,102.910000,99.277787,67.681661,3.658636,52.050051
2021-01-13,102.770000,99.305105,68.096886,3.489141,50.917327
2021-01-14,102.800000,99.383002,68.304498,3.438211,50.502533
2021-01-15,102.800000,99.448043,68.650519,3.370561,49.743952
2021-01-18,102.720000,99.292232,69.757785,3.452201,47.252381
2021-01-19,102.540000,99.300423,70.311419,3.262400,45.836909
2021-01-20,102.150000,99.318914,69.065744,2.850501,47.902555
2021-01-21,102.180000,99.352727,68.996540,2.845692,48.094383
2021-01-22,101.920000,99.347969,67.750865,2.588911,50.433504
2021-01-25,101.920000,99.384652,67.266436,2.551046,51.516872
2021-01-26,101.750000,99.213496,66.989619,2.556612,51.889205
2021-01-27,101.760000,99.133710,67.335640,2.649240,51.123535
2021-01-28,101.370000,98.956979,66.851211,2.438454,51.635248
2021-01-29,101.340000,98.822955,68.927336,2.547025,47.024398
2021-02-01,101.700000,98.855245,72.249135,2.877698,40.762931
2021-02-02,101.620000,98.818659,70.726644,2.834830,43.679941
2021-02-03,101.420000,98.885275,71.003460,2.563299,42.838109
2021-02-04,101.200000,98.864499,71.141869,2.362325,42.250973
2021-02-05,101.440000,98.815761,74.186851,2.655688,36.735821
2021-02-08,101.790000,98.775748,74.186851,3.051612,37.207603
2021-02-09,101.990000,98.796313,73.910035,3.232597,37.992088
2021-02-10,101.700000,98.827962,73.979239,2.906098,37.471001
2021-02-18,101.690000,98.870774,74.948097,2.851425,35.680563
2021-02-19,101.820000,98.974108,75.916955,2.875391,34.120237
2021-02-22,101.700000,99.076106,74.117647,2.648362,37.214286
2021-02-23,102.010000,99.048099,74.602076,2.990366,36.738822
2021-02-24,101.900000,99.139924,73.356401,2.784020,38.910849
2021-02-25,102.020000,99.204627,74.740484,2.837945,36.498981
2021-02-26,101.850000,99.215900,72.941176,2.654917,39.633065
2021-03-01,101.810000,99.284966,73.217993,2.543219,39.050520
2021-03-02,101.810000,99.318731,72.456747,2.508358,40.511414
2021-03-03,102.000000,99.339532,75.570934,2.678156,34.972527
2021-03-04,102.000000,99.373370,75.294118,2.643193,35.468750
2021-03-05,102.030000,99.489586,75.155709,2.553447,35.758149
2021-03-08,101.990000,99.435298,74.394464,2.569211,37.093535
2021-03-09,101.910000,99.461440,74.256055,2.461818,37.241333
2021-03-10,101.910000,99.468384,74.186851,2.454666,37.369356
2021-03-11,101.940000,99.439504,75.432526,2.514590,35.140642
2021-03-12,102.060000,99.431600,75.432526,2.643425,35.299725
2021-03-15,102.160000,99.526926,76.955017,2.645590,32.752878
2021-03-16,102.390000,99.510291,76.885813,2.893880,33.171512
2021-03-17,102.410000,99.566954,75.570934,2.855411,35.515064
2021-03-18,102.490000,99.578947,76.332180,2.923362,34.268404
2021-03-19,102.380000,99.586236,73.702422,2.805372,38.909953
2021-03-22,102.470000,99.703534,74.394464,2.774692,37.738744
2021-03-23,102.320000,99.772334,74.602076,2.553480,37.154360
2021-03-24,102.290000,99.805882,73.910035,2.488950,38.397987
2021-03-25,102.210000,99.852585,73.564014,2.360895,38.940216
2021-03-26,102.220000,99.921716,73.494810,2.300084,39.084652
2021-03-29,102.200000,99.934241,72.525952,2.267250,40.915076
2021-03-30,102.720000,99.939905,76.193772,2.781766,34.814169
2021-03-31,102.970000,100.020832,76.055363,2.948554,35.388217
2021-04-01,103.000000,99.912726,75.363322,3.089971,36.671258
2021-04-02,103.000000,99.939563,74.463668,3.062287,38.322491
2021-04-06,102.840000,99.949656,74.048443,2.891800,38.882056
2021-04-07,103.160000,99.911241,73.702422,3.251645,39.968263
2021-04-08,103.120000,99.870182,73.771626,3.254042,39.782739
2021-04-09,103.130000,99.884251,73.287197,3.249510,40.720349
2021-04-12,103.130000,99.960164,74.256055,3.171099,38.884296
2021-04-13,103.070000,100.054315,74.463668,3.014048,38.416496
2021-04-14,103.050000,100.118881,73.287197,2.927638,40.611190
2021-04-15,103.070000,100.205908,72.179931,2.858207,42.795925
2021-04-16,103.110000,100.254548,72.941176,2.848202,41.360484
2021-04-19,103.440000,100.313383,73.217993,3.116850,41.276749
2021-04-20,103.370000,100.379937,72.664360,2.978746,42.256810
2021-04-21,103.360000,100.421260,73.217993,2.926412,41.167486
2021-04-22,103.360000,100.429920,72.179931,2.917537,43.197699
2021-04-23,103.120000,100.437149,72.179931,2.671174,42.865197
2021-04-26,103.130000,100.471724,71.280277,2.645795,44.682379
2021-04-27,102.870000,100.379852,71.072664,2.480725,44.739192
2021-04-28,102.930000,100.494650,70.934256,2.423363,45.106195
2021-04-29,103.210000,100.540759,72.941176,2.654884,41.497581
2021-04-30,102.600000,100.570230,69.550173,2.018261,47.519403
2021-05-06,102.800000,100.691828,69.896194,2.093688,47.075248
2021-05-07,102.940000,100.700937,69.411765,2.223477,48.303390
2021-05-10,102.770000,100.847892,68.858131,1.905947,49.248894
2021-05-11,102.910000,100.921160,69.550173,1.970687,47.965124
2021-05-12,102.830000,100.936316,70.034602,1.876117,46.827421
2021-05-13,102.750000,101.021392,69.826990,1.711130,47.149405
2021-05-14,102.920000,101.010800,70.519031,1.890095,45.946418
2021-05-17,102.820000,101.011546,70.657439,1.790344,45.519001
2021-05-18,102.760000,101.018412,70.726644,1.724031,45.291781
2021-05-19,102.770000,101.080048,70.034602,1.671895,46.741749
2021-05-20,102.830000,101.095039,70.311419,1.716168,46.249360
2021-05-21,102.880000,101.117804,69.826990,1.742715,47.335580
2021-05-24,102.940000,101.177646,69.826990,1.741841,47.421506
2021-05-25,103.180000,101.236197,71.418685,1.920067,44.471996
2021-05-26,103.250000,101.307082,71.626298,1.917850,44.150966
2021-05-27,103.170000,101.358637,71.211073,1.787083,44.879155
2021-05-28,103.210000,101.390186,71.626298,1.794862,44.095121
2021-05-31,103.010000,101.382158,71.072664,1.605650,44.936173
2021-06-01,103.030000,101.374656,70.519031,1.632897,46.102404
2021-06-02,103.050000,101.359832,70.726644,1.667493,45.701810
2021-06-03,103.260000,101.354206,70.795848,1.880331,45.856012
2021-06-04,103.260000,101.286966,70.795848,1.947964,45.856012
2021-06-07,103.200000,101.173542,70.795848,2.002953,45.771261
2021-06-08,103.220000,101.146907,71.349481,2.049586,44.668186
2021-06-09,103.220000,101.176967,70.657439,2.019267,46.085113
2021-06-10,103.250000,101.235165,70.795848,1.990252,45.841887
2021-06-11,103.200000,101.248878,70.380623,1.927056,46.631268
2021-06-15,103.210000,101.309075,69.411765,1.876362,48.692373
2021-06-16,103.230000,101.315285,69.550173,1.889858,48.425224
2021-06-17,103.150000,101.336999,69.480969,1.789081,48.457918
2021-06-18,102.920000,101.349351,69.896194,1.549738,47.246931
2021-06-21,102.950000,101.368752,69.480969,1.559897,48.170070
2021-06-22,102.940000,101.411689,69.204152,1.507036,48.748300
2021-06-23,102.810000,101.421615,69.134948,1.368924,48.709159
2021-06-24,102.910000,101.427556,69.342561,1.461579,48.408134
2021-06-25,102.830000,101.480696,69.757785,1.329616,47.410069
2021-06-28,102.910000,101.513276,69.273356,1.375902,48.556394
2021-06-29,102.930000,101.500467,69.065744,1.408400,49.031914
2021-06-30,102.860000,101.550171,69.204152,1.289835,48.632700
2021-07-01,102.960000,101.658431,69.411765,1.280336,48.332203
2021-07-02,102.950000,101.696262,68.719723,1.232826,49.811430
2021-07-05,102.950000,101.729961,68.650519,1.199291,49.962450
2021-07-06,103.010000,101.741320,69.134948,1.246966,48.998448
2021-07-07,103.170000,101.757111,69.411765,1.388492,48.634746
2021-07-08,103.400000,102.071363,68.788927,1.301675,50.314889
2021-07-09,103.350000,102.154840,68.581315,1.169950,50.697023
2021-07-12,103.420000,102.384785,68.581315,1.011102,50.799092
2021-07-13,103.470000,102.499410,68.927336,0.946923,50.114608
2021-07-14,103.470000,102.576421,68.027682,0.871135,52.099847
2021-07-15,103.490000,102.571418,68.788927,0.895554,50.445724
2021-07-16,103.540000,102.582689,69.065744,0.933209,49.915130
2021-07-19,103.400000,102.664386,69.273356,0.716523,49.263736
2021-07-20,103.520000,102.755327,69.134948,0.744169,49.736136
2021-07-21,103.610000,102.821174,68.360773,0.767182,51.563529
2021-07-22,103.880000,102.891832,69.005011,0.960395,50.539793
2021-07-23,103.900000,102.953114,68.575519,0.919725,51.511795
2021-07-26,103.870000,103.000178,66.857552,0.844486,55.360161
2021-07-27,103.780000,102.995029,65.497495,0.762145,58.448809
2021-07-28,103.730000,102.949301,65.926986,0.758333,57.340727
2021-07-29,103.860000,102.945764,65.282749,0.888076,59.092566
2021-07-30,104.010000,102.936015,64.638511,1.043352,60.910266
2021-08-02,104.100000,103.110900,65.354331,0.959258,59.285542
2021-08-03,104.070000,103.140873,65.282749,0.900833,59.414243
2021-08-04,104.110000,103.167347,64.924839,0.913713,60.354653
2021-08-05,104.200000,103.197041,64.781675,0.971887,60.847956
2021-08-06,104.110000,103.238070,64.996421,0.844582,60.178051
2021-08-09,103.880000,103.240594,65.640659,0.619336,58.255573
2021-08-10,103.900000,103.210774,65.855404,0.667785,57.769891
2021-08-11,104.050000,103.170646,65.926986,0.852329,57.826113
2021-08-12,104.060000,103.180084,65.640659,0.852796,58.529793
2021-08-13,103.960000,103.232159,65.712241,0.705053,58.204924
2021-08-16,104.130000,103.266911,65.998568,0.835785,57.776150
2021-08-17,104.080000,103.243370,65.783822,0.810348,58.215190
2021-08-18,104.300000,103.226403,66.785970,1.040041,56.170525
2021-08-19,104.220000,103.205839,66.070150,0.982659,57.741430
2021-08-20,104.140000,103.295235,66.356478,0.817816,56.940216
2021-08-23,104.060000,103.413706,65.855404,0.624959,58.012848
2021-08-24,104.150000,103.402743,65.926986,0.722667,57.977796
2021-08-25,104.100000,103.449751,65.783822,0.628565,58.245593
2021-08-26,104.060000,103.402334,65.425913,0.636026,59.050131
2021-08-27,103.960000,103.383596,65.640659,0.557539,58.377448
2021-08-30,103.950000,103.411492,64.137437,0.520743,62.073828
2021-08-31,103.990000,103.405153,64.781675,0.565588,60.523790
2021-09-01,104.000000,103.449707,65.712241,0.531943,58.265795
2021-09-02,104.000000,103.468601,66.070150,0.513584,57.408451
2021-09-03,104.020000,103.469142,66.141732,0.532389,57.268333
2021-09-06,104.150000,103.496787,65.926986,0.631143,57.977796
2021-09-07,104.210000,103.466104,66.857552,0.718976,55.868704
2021-09-08,104.320000,103.423240,66.857552,0.867078,56.033233
2021-09-09,104.410000,103.409669,66.571224,0.967348,56.839538
2021-09-10,104.800000,103.353643,67.358626,1.399425,55.585122
2021-09-13,104.560000,103.307304,67.215462,1.212592,55.559446
2021-09-14,104.380000,103.269053,65.926986,1.075779,58.326667
2021-09-15,104.440000,103.240990,65.783822,1.161370,58.762437
2021-09-16,104.300000,103.214687,65.282749,1.051510,59.766557
2021-09-17,104.440000,103.181151,65.211167,1.220038,60.156619
2021-09-22,104.390000,103.179007,64.638511,1.173682,61.498151
2021-09-23,104.510000,103.190276,64.638511,1.278923,61.683798
2021-09-24,104.520000,103.181732,64.566929,1.297001,61.878537
2021-09-27,104.590000,103.148333,64.566929,1.397664,61.986951
2021-09-28,104.460000,103.166298,64.638511,1.253996,61.606445
2021-09-29,104.340000,103.110711,64.566929,1.192203,61.599756
2021-09-30,104.500000,103.128666,64.423765,1.329731,62.207222
2021-10-08,104.470000,103.132520,64.996421,1.296856,60.731927
2021-10-11,104.510000,103.084765,65.497495,1.382586,59.563355
2021-10-12,104.350000,102.924903,65.425913,1.384599,59.493381
2021-10-13,104.330000,102.867471,64.924839,1.421760,60.693506
2021-10-14,104.400000,102.835425,64.710093,1.521436,61.334956
2021-10-15,104.590000,102.819825,64.924839,1.721628,61.093969
2021-10-18,104.500000,102.898929,64.566929,1.555965,61.847561
2021-10-19,104.430000,102.761020,64.495347,1.624137,61.918657
2021-10-20,104.520000,102.805564,64.566929,1.667649,61.878537
2021-10-21,104.500000,102.867086,64.710093,1.587402,61.489491
2021-10-22,104.460000,102.938160,64.924839,1.478402,60.893738
2021-10-25,104.390000,102.987507,64.638511,1.361808,61.498151
2021-10-26,104.350000,103.028485,64.638511,1.282670,61.436268
2021-10-27,104.370000,103.127183,64.352183,1.205130,62.185640
2021-10-28,103.700000,102.385317,64.137437,1.284054,61.684040
2021-10-29,103.670000,102.492624,63.994273,1.148742,61.998870
2021-11-01,103.760000,102.552506,62.419470,1.177440,66.230183
2021-11-02,103.640000,102.676080,61.130995,0.938797,69.537564
2021-11-03,103.800000,102.776790,61.059413,0.995565,69.998359
2021-11-04,103.700000,102.891985,60.916249,0.785304,70.233725
2021-11-05,103.890000,102.985252,61.059413,0.878522,70.145756
2021-11-08,103.870000,103.022815,60.773085,0.822328,70.914476
2021-11-09,103.880000,102.982175,61.130995,0.871826,69.930164
2021-11-10,103.900000,102.973948,60.701503,0.899307,71.165448
2021-11-11,104.030000,102.937810,61.703651,1.061019,68.596183
2021-11-12,104.030000,102.966561,61.918397,1.032801,68.011457
2021-11-15,104.050000,103.004197,62.634216,1.015301,66.123257
2021-11-16,104.080000,103.017720,62.491052,1.031163,66.551844
2021-11-17,104.170000,103.110782,61.918397,1.027262,68.237561
2021-11-18,104.250000,103.127451,61.274159,1.088506,70.136974
2021-11-19,104.400000,103.151440,61.918397,1.210415,68.609017
2021-11-22,104.220000,103.223855,61.560487,0.965034,69.296907
2021-11-23,104.290000,103.250422,61.775233,1.006851,68.821703
2021-11-24,104.330000,103.298034,62.133142,0.999018,67.913606
2021-11-25,104.680000,103.347186,61.846815,1.289647,69.256898
2021-11-26,104.540000,103.363581,61.274159,1.138137,70.610257
2021-11-29,104.580000,103.404738,61.488905,1.136565,70.079464
2021-11-30,104.510000,103.374730,60.916249,1.098209,71.563420
2021-12-01,104.690000,103.398701,61.274159,1.248854,70.855058
2021-12-02,104.780000,103.414188,61.417323,1.320720,70.603333
2021-12-03,104.760000,103.432092,61.488905,1.283845,70.372200
2021-12-06,104.800000,103.544045,61.560487,1.212967,70.239070
2021-12-07,104.750000,103.518863,62.133142,1.189288,68.589574
2021-12-08,104.710000,103.559839,62.061560,1.110625,68.719573
2021-12-09,104.800000,103.604387,62.634216,1.154017,67.320686
2021-12-10,104.740000,103.647425,62.777380,1.054126,66.843535
2021-12-13,104.830000,103.707247,61.918397,1.082617,69.303480
2021-12-14,104.800000,103.741346,61.345741,1.020475,70.835006
2021-12-15,104.810000,103.771659,61.202577,1.000602,71.250959
2021-12-16,104.810000,103.809359,61.560487,0.963922,70.255314
2021-12-17,104.810000,103.849985,61.274159,0.924425,71.050900
2021-12-20,104.750000,103.945454,61.417323,0.774008,70.554487
2021-12-21,104.860000,103.932940,61.632069,0.891979,70.138699
2021-12-22,104.940000,103.925205,61.345741,0.976467,71.063221
2021-12-23,104.980000,103.999341,61.417323,0.942947,70.928974
2021-12-24,104.930000,104.045683,61.130995,0.849931,71.647787
2021-12-27,104.920000,104.138205,61.274159,0.750728,71.230421
2021-12-28,105.030000,104.180935,61.345741,0.814991,71.209930
2021-12-29,105.230000,104.231361,61.130995,0.958099,72.138536
2021-12-30,105.620000,104.252998,61.130995,1.311235,72.776511
2021-12-31,105.860000,104.313695,61.059413,1.482361,73.372122
2022-01-04,105.940000,104.369268,61.345741,1.504976,72.693326
2022-01-05,106.120000,104.403728,61.846815,1.643880,71.585231
2022-01-06,106.240000,104.363878,61.345741,1.797674,73.182357
2022-01-07,105.970000,104.372387,62.347888,1.530685,69.965660
2022-01-10,105.840000,104.467187,62.419470,1.314109,69.562477
2022-01-11,105.970000,104.483384,62.491052,1.422825,69.576277
2022-01-12,106.050000,104.509439,62.204724,1.474088,70.485443
2022-01-13,106.260000,104.510980,62.419470,1.673528,70.235344
2022-01-14,106.030000,104.536378,61.488905,1.428806,72.437614
2022-01-17,105.930000,104.650160,61.345741,1.222970,72.677025
2022-01-18,106.260000,104.692479,61.775233,1.497262,72.010684
2022-01-19,106.720000,104.723074,61.846815,1.906864,72.555370
2022-01-20,106.830000,104.803745,62.992126,1.933380,69.592625
2022-01-21,106.720000,104.861509,62.705798,1.772329,70.191598
2022-01-24,106.730000,104.949564,62.204724,1.696468,71.578608
2022-01-25,106.700000,105.016025,61.274159,1.603541,74.135397
2022-01-26,106.800000,105.003372,61.345741,1.711019,74.095216
2022-01-27,106.850000,105.018020,60.486757,1.744444,76.650237
2022-01-28,106.920000,105.053013,60.200429,1.777186,77.606706
2022-02-07,106.920000,105.153946,60.987831,1.679494,75.313662
2022-02-08,107.350000,105.159962,61.918397,2.082577,73.373353
2022-02-09,107.300000,105.172983,61.846815,2.022398,73.493171
2022-02-10,107.320000,105.177607,62.204724,2.036929,72.527089
2022-02-11,106.980000,105.022750,62.562634,1.863644,70.996636
2022-02-14,106.490000,104.977999,61.560487,1.440303,72.984337
2022-02-15,106.160000,104.986859,61.202577,1.117417,73.456749
2022-02-16,106.400000,104.971326,61.488905,1.361013,73.039348
2022-02-17,106.300000,105.012741,61.274159,1.225812,73.482593
2022-02-18,106.530000,104.986698,62.061560,1.469998,71.652145
2022-02-21,106.390000,104.916228,61.560487,1.404713,72.821895
2022-02-22,106.210000,104.802829,61.417323,1.342685,72.931667
2022-02-23,106.330000,104.778695,61.130995,1.480554,73.937951
2022-02-24,106.250000,104.803852,60.415175,1.379861,75.866410
2022-02-25,106.180000,104.832883,60.343593,1.285014,75.959027
2022-02-28,106.110000,104.807079,60.057266,1.243161,76.681371
2022-03-01,106.280000,104.816241,60.415175,1.396501,75.916066
2022-03-02,106.120000,104.796263,60.272011,1.263153,76.068456
2022-03-03,106.180000,104.632792,60.558339,1.478703,75.335059
2022-03-04,106.140000,104.619799,60.128848,1.453072,76.520929
2022-03-07,105.960000,104.597369,59.341446,1.302739,78.559855
2022-03-08,105.810000,104.536696,57.838225,1.218045,82.941300
2022-03-09,105.540000,104.426495,56.549749,1.066305,86.632127
2022-03-10,105.390000,104.316229,56.692913,1.029343,85.896250
2022-03-11,105.440000,104.315220,57.337151,1.078251,83.894732
2022-03-14,105.580000,104.487141,56.621331,1.045926,86.466827
2022-03-15,105.320000,104.359327,54.617037,0.920543,92.833604
2022-03-16,105.320000,104.275008,55.619184,1.002150,89.359125
2022-03-17,105.380000,104.286767,55.404438,1.048295,90.201370
2022-03-18,105.400000,104.307405,56.549749,1.047476,86.384557
2022-03-21,105.320000,104.362484,55.547602,0.917491,89.603144
2022-03-22,105.250000,104.309472,56.048676,0.901671,87.783206
2022-03-23,105.190000,104.329231,55.833930,0.825050,88.397987
2022-03-24,105.090000,104.363355,55.833930,0.696265,88.218885
2022-03-25,105.180000,104.399479,55.833930,0.747630,88.380077
2022-03-28,105.050000,104.445665,56.263422,0.578612,86.711005
2022-03-29,105.000000,104.462148,55.977094,0.514877,87.576726
2022-03-30,105.240000,104.505667,56.692913,0.702673,85.631667
2022-03-31,105.550000,104.550745,57.265569,0.955761,84.316688
2022-04-01,105.510000,104.624565,57.766643,0.846298,82.648662
2022-04-06,105.470000,104.820628,58.482462,0.619508,80.344663
2022-04-07,105.630000,104.858773,57.766643,0.735491,82.856394
2022-04-08,105.750000,104.964274,58.052971,0.748565,82.161221
2022-04-11,105.760000,104.965906,57.337151,0.756526,84.452834
2022-04-12,105.680000,104.979622,58.052971,0.667156,82.040641
2022-04-13,105.760000,104.996130,57.981389,0.727522,82.403358
2022-04-14,105.790000,105.057307,58.052971,0.697422,82.230123
2022-04-15,105.900000,105.146936,58.339298,0.716201,81.524294
2022-04-18,105.640000,105.123125,57.480315,0.491685,83.784658
2022-04-19,105.620000,105.186139,58.267717,0.412470,81.266757
2022-04-20,105.550000,105.168477,58.052971,0.362774,81.816708
2022-04-21,105.580000,105.173815,57.766643,0.386204,82.769839
2022-04-22,105.580000,105.240864,57.909807,0.322247,82.317998
2022-04-25,105.540000,105.244726,55.977094,0.280559,88.541407
2022-04-26,105.390000,105.218194,56.335004,0.163286,87.077294
2022-04-27,105.400000,105.277389,56.048676,0.116465,88.050830
2022-04-28,105.550000,105.297972,57.193987,0.239347,84.547372
2022-04-29,105.570000,105.290360,57.480315,0.265590,83.662877
2022-05-05,105.510000,105.328711,57.193987,0.172118,84.477434
2022-05-06,105.590000,105.379249,56.191840,0.199993,87.909847
2022-05-09,105.660000,105.429246,55.977094,0.218871,88.755780
2022-05-10,105.770000,105.494782,56.191840,0.260883,88.230178
2022-05-11,105.930000,105.535987,56.263422,0.373345,88.275076
2022-05-12,105.980000,105.607646,56.335004,0.352582,88.124600
2022-05-13,106.070000,105.694043,57.623479,0.355703,84.074273
2022-05-16,105.930000,105.804014,57.050823,0.119075,85.676550
2022-05-17,106.090000,105.855560,57.408733,0.221472,84.797668
2022-05-18,106.200000,105.953010,56.907659,0.233113,86.618113
2022-05-19,106.090000,106.034228,56.621331,0.052598,87.367547
2022-05-20,106.190000,106.022418,57.551897,0.158063,84.511729
2022-05-23,106.260000,106.101506,56.907659,0.149379,86.723547
2022-05-24,105.940000,106.123474,56.406586,-0.172887,87.814949
2022-05-25,106.240000,106.160665,56.406586,0.074731,88.346802
2022-05-26,106.370000,106.246373,56.549749,0.116359,88.099861
2022-05-27,106.490000,106.265771,57.265569,0.211007,85.958163
2022-05-30,106.360000,106.281758,56.406586,0.073618,88.559543
2022-05-31,106.180000,106.153989,56.836077,0.024503,86.817960
2022-06-01,106.110000,106.130275,56.621331,-0.019104,87.402870
2022-06-02,106.260000,106.079998,56.478168,0.169685,88.143498
2022-06-06,106.090000,106.020367,56.263422,0.065679,88.559453
2022-06-07,106.080000,105.918781,56.406586,0.152210,88.063147
2022-06-08,106.080000,105.954298,56.263422,0.118638,88.541679
2022-06-09,106.060000,105.943467,56.907659,0.109995,86.372101
2022-06-10,106.050000,106.033033,56.764495,0.016002,86.824527
2022-06-13,106.000000,106.082792,55.619184,-0.078045,90.581725
2022-06-14,105.940000,106.093696,56.335004,-0.144868,88.053596
2022-06-15,106.050000,106.126129,57.480315,-0.071734,84.497945
2022-06-16,106.070000,106.133283,56.692913,-0.059626,87.095694
2022-06-17,106.060000,106.218345,57.050823,-0.149075,85.904417
2022-06-20,106.040000,106.249018,56.621331,-0.196725,87.279241
2022-06-21,106.050000,106.229691,57.050823,-0.169154,85.886888
2022-06-22,106.160000,106.189216,56.692913,-0.027513,87.254444
2022-06-23,106.040000,106.246951,57.050823,-0.194783,85.869360
2022-06-24,106.040000,106.275420,56.907659,-0.221519,86.336956
2022-06-27,105.930000,106.209542,57.050823,-0.263198,85.676550
2022-06-28,105.920000,106.201959,57.551897,-0.265494,84.042587
2022-06-29,105.900000,106.203081,57.623479,-0.285378,83.779255
2022-06-30,106.000000,106.225203,57.337151,-0.212006,84.871411
2022-07-01,106.040000,106.320690,57.193987,-0.264003,85.404105
2022-07-04,105.850000,106.263796,56.979241,-0.389405,85.769410
2022-07-05,106.000000,106.241973,57.122405,-0.227757,85.566416
2022-07-06,106.020000,106.269424,56.549749,-0.234709,87.480937
2022-07-07,106.030000,106.303236,56.335004,-0.257035,88.213355
2022-07-08,105.980000,106.291984,56.406586,-0.293516,87.885863
2022-07-11,106.060000,106.348936,56.335004,-0.271687,88.266607
2022-07-12,106.120000,106.431428,56.621331,-0.292609,87.420531
2022-07-13,106.150000,106.499479,56.191840,-0.328151,88.906433
2022-07-14,106.160000,106.614269,55.762348,-0.426086,90.379358
2022-07-15,106.350000,106.635192,54.903364,-0.267446,93.703977
2022-07-18,106.320000,106.734198,55.762348,-0.388064,90.666290
2022-07-19,106.540000,106.795787,55.905512,-0.239511,90.571549
2022-07-20,106.550000,106.861772,55.762348,-0.291753,91.078755
2022-07-21,106.600000,106.955330,54.056047,-0.332223,97.202729
2022-07-22,106.600000,106.967761,54.203540,-0.343805,96.666122
2022-07-25,106.660000,107.021062,54.203540,-0.337375,96.776816
2022-07-26,106.730000,107.011296,54.424779,-0.262866,96.105528
2022-07-27,106.690000,107.078955,54.129794,-0.363241,97.100327
2022-07-28,106.690000,107.109734,54.056047,-0.391873,97.369222
2022-07-29,107.050000,107.185644,53.539823,-0.126551,99.944628
2022-08-01,107.022000,107.357004,53.318584,-0.312047,100.721759
2022-08-02,107.026000,107.451340,52.654867,-0.395844,103.259462
2022-08-03,107.127000,107.493105,52.138643,-0.340584,105.465646
2022-08-04,107.200000,107.594254,52.286136,-0.366426,105.025670
2022-08-05,107.047000,107.588714,52.728614,-0.503505,103.015010
2022-08-08,107.055000,107.587469,52.507375,-0.494917,103.885646
2022-08-09,107.030000,107.563099,52.507375,-0.495615,103.838034
2022-08-10,107.148000,107.546742,52.286136,-0.370762,104.926217
2022-08-11,107.209000,107.513446,52.949853,-0.283170,102.472708
2022-08-12,107.205000,107.490613,53.392330,-0.265710,100.787265
2022-08-15,107.500000,107.592427,53.171091,-0.085905,102.177531
2022-08-16,107.658000,107.711385,53.023599,-0.049563,103.037897
2022-08-17,107.685000,107.693917,53.687316,-0.008280,100.578104
2022-08-18,107.683000,107.745129,53.171091,-0.057663,102.521703
2022-08-19,107.625000,107.778131,53.097345,-0.142080,102.693750
2022-08-22,107.533000,107.796125,53.318584,-0.244095,101.680149
2022-08-23,107.564000,107.774666,52.876106,-0.195469,103.426477
2022-08-24,107.509000,107.743403,52.728614,-0.217557,103.891194
2022-08-25,107.520000,107.659894,53.097345,-0.129940,102.496000
2022-08-26,107.413000,107.636757,53.244838,-0.207881,101.734111
2022-08-29,107.416000,107.694232,52.728614,-0.258353,103.714820
2022-08-30,107.310000,107.795771,53.023599,-0.450640,102.381586
2022-08-31,107.554000,107.844962,53.613569,-0.269796,100.609662
2022-09-01,107.480000,107.876569,53.318584,-0.367614,101.580747
2022-09-02,107.527000,107.937671,53.171091,-0.380470,102.228311
2022-09-05,107.525000,107.988107,53.539823,-0.428850,100.831818
2022-09-06,107.711000,108.032547,53.539823,-0.297639,101.179223
2022-09-07,107.801000,108.050743,53.244838,-0.231135,102.462820
2022-09-08,107.802000,108.028819,53.392330,-0.209961,101.905403
2022-09-09,107.730000,108.044901,53.908555,-0.291453,99.838413
2022-09-13,107.760000,108.068517,54.203540,-0.285483,98.806204
2022-09-14,107.733000,108.073806,53.687316,-0.315346,100.667511
2022-09-15,107.834000,108.137223,53.982301,-0.280406,99.758066
2022-09-16,107.676000,108.130771,52.654867,-0.420575,104.493916
2022-09-19,107.750000,108.156802,52.802360,-0.376123,104.062849
2022-09-20,107.704000,108.181772,52.433628,-0.441638,105.410160
2022-09-21,107.837000,108.212588,52.581121,-0.347083,105.086917
2022-09-22,107.806000,108.221319,52.507375,-0.383768,105.315921
2022-09-23,107.820000,108.188455,52.802360,-0.340568,104.195419
2022-09-26,107.590000,108.168055,52.064897,-0.534405,106.645949
2022-09-27,107.600000,108.067618,52.138643,-0.432709,106.372843
2022-09-28,107.550000,108.002146,52.212389,-0.418645,105.985593
2022-09-29,107.400000,108.011409,51.548673,-0.566060,108.346781
2022-09-30,107.550000,107.971357,51.917404,-0.390248,107.155966
2022-10-10,107.427000,108.061585,51.843658,-0.587244,107.213388
2022-10-11,107.591000,108.116220,51.696165,-0.485792,108.121820
2022-10-12,107.618000,108.142313,51.991150,-0.484836,106.992919
2022-10-13,107.749000,108.169684,51.622419,-0.388911,108.725206
2022-10-14,107.798000,108.227045,51.843658,-0.396430,107.929001
2022-10-17,107.846000,108.299726,51.769912,-0.418954,108.317915
2022-10-18,107.847000,108.343054,51.769912,-0.457855,108.319846
2022-10-19,107.831000,108.373665,51.401180,-0.500736,109.783122
2022-10-20,107.832000,108.407502,51.401180,-0.530869,109.785067
2022-10-21,107.838000,108.423339,51.032448,-0.539864,111.312613
2022-10-24,107.837000,108.488492,50.221239,-0.600517,114.723894
2022-10-25,107.712000,108.472507,50.442478,-0.701106,113.534316
2022-10-26,107.733000,108.519198,50.294985,-0.724479,114.202270
2022-10-27,107.788000,108.514286,50.294985,-0.669300,114.311625
2022-10-28,106.239000,107.057466,50.147493,-0.764511,111.853065
2022-10-31,106.411000,107.104407,48.967552,-0.647412,117.309211
2022-11-01,106.401000,107.133478,49.705015,-0.683706,114.064920
2022-11-02,106.476000,107.130625,49.483776,-0.611053,115.173556
2022-11-03,106.567000,107.151787,49.115044,-0.545755,116.974252
2022-11-04,106.669000,107.110530,50.073746,-0.412219,113.023806
2022-11-07,106.573000,107.124359,50.221239,-0.514690,112.207031
2022-11-08,106.490000,107.055651,50.073746,-0.528371,112.666333
2022-11-09,106.431000,107.007447,50.073746,-0.538698,112.548507
2022-11-10,106.400000,106.938927,50.000000,-0.503957,112.800000
2022-11-11,106.212000,106.829241,51.179941,-0.577783,107.526617
2022-11-14,105.760000,106.305372,51.843658,-0.513024,103.997952
2022-11-15,105.714000,106.064917,52.064897,-0.330851,103.042754
2022-11-16,105.460000,105.771501,51.843658,-0.294503,103.419289
2022-11-17,105.827000,105.685878,51.474926,0.133529,105.589415
2022-11-18,105.570000,105.736094,50.958702,-0.157083,107.167757
2022-11-21,105.518000,105.851542,50.737463,-0.315103,107.968616
2022-11-22,105.428000,105.859283,51.769912,-0.407412,103.647248
2022-11-23,105.467000,105.942017,51.991150,-0.448375,102.855677
2022-11-24,105.600000,106.162233,51.843658,-0.529598,103.689331
2022-11-25,105.591000,106.147643,52.876106,-0.524405,99.695113
2022-11-28,105.450000,106.141719,52.138643,-0.651693,102.249222
2022-11-29,105.300000,105.905799,53.613569,-0.572017,96.405502
2022-11-30,105.208000,105.793478,53.244838,-0.553416,97.592864
2022-12-01,105.380000,105.692513,53.244838,-0.295682,97.915900
2022-12-02,105.382000,105.691898,53.318584,-0.293209,97.645909
2022-12-05,105.502000,105.620152,54.277286,-0.111865,94.375967
2022-12-06,105.219000,105.422708,54.277286,-0.193229,93.854571
2022-12-07,104.827000,105.145784,54.129794,-0.303182,93.658599
2022-12-08,104.927000,105.140484,54.424779,-0.203046,92.792699
2022-12-09,104.735000,105.072142,53.982301,-0.320867,94.017295
2022-12-12,104.632000,104.924426,53.539823,-0.278701,95.428364
2022-12-13,104.416000,104.699740,53.982301,-0.271004,93.426361
2022-12-14,104.791000,104.735326,53.982301,0.053157,94.121033
2022-12-15,104.724000,104.801221,53.392330,-0.073683,96.140530
2022-12-16,104.793000,104.821817,54.203540,-0.027491,93.332392
2022-12-19,104.451000,104.947169,53.392330,-0.472779,95.629221
2022-12-20,104.323000,105.090719,52.654867,-0.730530,98.126034
2022-12-21,104.403000,105.165393,53.023599,-0.724947,96.899121
2022-12-22,104.421000,105.256147,53.392330,-0.793443,95.573033
2022-12-23,104.884000,105.388145,53.023599,-0.478370,97.806264
2022-12-26,104.780000,105.488923,52.359882,-0.672036,100.115042
2022-12-27,104.623000,105.529775,53.244838,-0.859259,96.494166
2022-12-28,104.514000,105.566197,53.834808,-0.996718,94.138334
2022-12-29,104.627000,105.661709,53.392330,-0.979266,95.958856
2022-12-30,104.921000,105.771746,53.687316,-0.804323,95.429775
2023-01-03,105.019000,105.961197,53.318584,-0.889190,96.965095
2023-01-04,105.265000,106.095487,53.908555,-0.782773,95.265855
2023-01-05,105.240000,106.221796,54.203540,-0.924289,94.157061
2023-01-06,105.210000,106.183044,54.129794,-0.916383,94.366158
2023-01-09,105.180000,106.194926,54.129794,-0.955720,94.310736
2023-01-10,105.020000,106.100427,53.687316,-1.018306,95.614176
2023-01-11,104.980000,105.997521,53.834808,-0.959948,95.003945
2023-01-12,105.054000,105.967458,53.613569,-0.862017,95.946663
2023-01-13,105.066000,105.960329,54.129794,-0.844023,94.100131
2023-01-16,105.070000,105.874222,54.056047,-0.759601,94.372333
2023-01-17,105.076000,105.836245,53.834808,-0.718322,95.182268
2023-01-18,105.120000,105.843440,53.908555,-0.683500,94.996881
2023-01-19,105.149000,105.870145,54.056047,-0.681160,94.518477
2023-01-20,105.405000,105.896968,54.277286,-0.464572,94.197255
2023-01-30,105.370000,105.968411,54.572271,-0.564707,93.083405
2023-01-31,105.346000,105.994495,54.351032,-0.611819,93.825205
2023-02-01,105.295000,105.979122,54.277286,-0.645525,93.994592
2023-02-02,105.345000,106.009161,54.277286,-0.626513,94.086712
2023-02-03,105.436000,106.086984,53.613569,-0.613632,96.659169
2023-02-06,105.381000,106.146886,53.466077,-0.721534,97.098808
2023-02-07,105.521000,106.207746,53.392330,-0.646606,97.633254
2023-02-08,105.702000,106.239304,53.318584,-0.505749,98.246075
2023-02-09,105.665000,106.269282,53.539823,-0.568633,97.357769
2023-02-10,105.795000,106.336982,53.392330,-0.509684,98.146436
2023-02-13,105.678000,106.418667,53.318584,-0.695993,98.201062
2023-02-14,105.901000,106.478195,53.392330,-0.542079,98.344967
2023-02-15,105.921000,106.526738,53.097345,-0.568625,99.484550
2023-02-16,105.928000,106.566467,53.023599,-0.599126,99.775199
2023-02-17,105.935000,106.580813,52.581121,-0.605937,101.469649
2023-02-20,105.830000,106.571273,53.539823,-0.695566,97.665950
2023-02-21,105.700000,106.497920,53.761062,-0.749235,96.610700
2023-02-22,105.751000,106.472923,53.392330,-0.678034,98.064028
2023-02-23,105.759000,106.481111,53.318584,-0.678159,98.352979
2023-02-24,105.895000,106.441078,52.949853,-0.513033,99.991114
2023-02-27,105.825000,106.430654,52.802360,-0.569059,100.417179
2023-02-28,105.920000,106.381367,52.949853,-0.433692,100.038329
2023-03-01,105.940000,106.384782,53.539823,-0.418088,97.871405
2023-03-02,105.954000,106.399505,53.613569,-0.418710,97.625343
2023-03-03,105.921000,106.365666,54.203540,-0.418054,95.413437
2023-03-06,105.882000,106.427427,54.056047,-0.512487,95.874477
2023-03-07,105.900000,106.501966,53.908555,-0.565216,96.443776
2023-03-08,105.996000,106.558609,53.908555,-0.527981,96.621855
2023-03-09,106.094000,106.616053,53.613569,-0.489657,97.886470
2023-03-10,106.064000,106.686494,52.728614,-0.583479,101.150747
2023-03-13,105.980000,106.704801,52.064897,-0.679259,103.553654
2023-03-14,105.957000,106.713408,51.769912,-0.708822,104.669077
2023-03-15,106.000000,106.730292,52.212389,-0.684241,103.016949
2023-03-16,106.003000,106.735096,52.507375,-0.685900,101.882118
2023-03-17,106.107000,106.752251,52.433628,-0.604438,102.364405
2023-03-20,106.142000,106.850958,52.581121,-0.663502,101.863327
2023-03-21,106.120000,106.886140,52.581121,-0.716782,101.821487
2023-03-22,106.198000,106.863004,52.949853,-0.622296,100.563354
2023-03-23,106.180000,106.866812,53.171091,-0.642681,99.694979
2023-03-24,106.150000,106.837096,53.171091,-0.643125,99.638558
2023-03-27,106.181000,106.865472,52.728614,-0.640499,101.372638
2023-03-28,106.150000,106.869662,52.949853,-0.673401,100.472702
2023-03-29,106.188000,106.894101,52.802360,-0.660561,101.104648
2023-03-30,106.157000,106.905823,53.023599,-0.700451,100.207082
2023-03-31,106.177000,106.922603,53.023599,-0.697329,100.244801
2023-04-03,106.203000,106.971362,53.023599,-0.718288,100.293836
2023-04-04,106.187000,107.013624,53.171091,-0.772448,99.708144
2023-04-06,106.274000,107.020133,52.949853,-0.697189,100.706886
2023-04-07,106.394000,107.031916,53.318584,-0.596005,99.543934
2023-04-10,106.394000,107.097057,53.171091,-0.656467,100.097454
2023-04-11,106.581000,107.126128,52.949853,-0.508865,101.286680
2023-04-12,106.739000,107.167235,53.171091,-0.399595,100.746302
2023-04-13,106.765000,107.174189,53.466077,-0.381798,99.687366
2023-04-14,106.659000,107.186229,53.613569,-0.491881,98.940308
2023-04-17,106.700000,107.214612,54.498525,-0.479983,95.785115
2023-04-18,106.812000,107.221443,55.604720,-0.381867,92.091607
2023-04-19,106.789000,107.252819,55.530973,-0.432454,92.305291
2023-04-20,106.947000,107.268265,56.637168,-0.299497,88.828297
2023-04-21,106.980000,107.284579,55.973451,-0.283898,91.126324
2023-04-24,106.850000,107.338720,55.235988,-0.455306,93.442724
2023-04-25,106.813000,107.329848,55.752212,-0.481552,91.585222
2023-04-26,107.014000,107.333722,55.014749,-0.297876,94.518745
2023-04-27,107.073000,107.400470,55.162242,-0.304905,94.105599
2023-04-28,107.300000,107.454770,56.047198,-0.144033,91.445789
2023-05-04,107.357000,107.560165,56.637168,-0.188885,89.552203
2023-05-05,107.518000,107.633009,57.227139,-0.106852,87.879392
2023-05-08,107.613000,107.683780,59.513274,-0.065730,80.821844
2023-05-09,107.753000,107.655826,58.702065,0.090264,83.559131
2023-05-10,107.580000,107.719778,56.784661,-0.129761,89.452571
2023-05-11,107.859000,107.795957,56.563422,0.058483,90.686837
2023-05-12,107.611000,107.843230,56.194690,-0.215340,91.496740
2023-05-15,107.729000,107.860467,56.710914,-0.121887,89.961670
2023-05-16,107.434000,107.861508,56.563422,-0.396349,89.935468
2023-05-17,107.742000,107.870505,56.120944,-0.119129,91.981803
2023-05-18,107.700000,107.857461,56.637168,-0.145990,90.157813
2023-05-19,107.834000,107.866753,55.604720,-0.030364,93.929581
2023-05-22,107.900000,107.912799,55.604720,-0.011861,94.048276
2023-05-23,107.950000,107.934473,54.941003,0.014385,96.483490
2023-05-24,107.730000,107.968323,53.761062,-0.220735,100.386667
2023-05-25,107.709000,107.980035,53.908555,-0.251005,99.799458
2023-05-26,107.610000,107.953516,53.982301,-0.318207,99.343115
2023-05-29,107.722000,107.949063,54.646018,-0.210342,97.126899
2023-05-30,107.697000,107.958409,54.351032,-0.242138,98.150790
2023-05-31,107.722000,107.993668,54.203540,-0.251559,98.736098
2023-06-01,107.681000,108.052805,53.687316,-0.344095,100.570654
2023-06-02,107.681000,108.071680,54.203540,-0.361501,98.660457
2023-06-05,107.700000,108.104849,54.646018,-0.374496,97.086640
2023-06-06,107.779000,108.148935,54.424779,-0.342061,98.032959
2023-06-07,107.830000,108.185103,55.014749,-0.328237,96.001984
2023-06-08,107.991000,108.256867,55.825959,-0.245589,93.442267
2023-06-09,108.035000,108.301558,55.752212,-0.246126,93.777063
2023-06-12,108.077000,108.388045,54.793510,-0.286974,97.244162
2023-06-13,108.186000,108.457790,55.014749,-0.250595,96.649083
2023-06-14,108.158000,108.536605,54.572271,-0.348827,98.192227
2023-06-15,107.991000,108.521869,54.941003,-0.489182,96.558115
2023-06-16,107.979000,108.480843,54.793510,-0.462610,97.065308
2023-06-19,107.800000,108.397359,54.129794,-0.551083,99.150954
2023-06-20,107.896000,108.378800,53.761062,-0.445475,100.695440
2023-06-21,107.881000,108.384627,53.613569,-0.464666,101.219582
2023-06-26,107.900000,108.470036,52.802360,-0.525524,104.346927
2023-06-27,107.830000,108.426379,53.023599,-0.550031,103.362281
2023-06-28,108.057000,108.425639,53.171091,-0.339992,103.225093
2023-06-29,107.966000,108.430164,52.949853,-0.428076,103.902362
2023-06-30,108.092000,108.475943,53.392330,-0.353943,102.448552
2023-07-03,108.081000,108.553239,53.982301,-0.435030,100.215623
2023-07-04,108.160000,108.581097,53.687316,-0.387818,101.462857
2023-07-05,108.181000,108.604038,53.466077,-0.389523,102.335774
2023-07-06,108.248000,108.612819,53.466077,-0.335889,102.461087
2023-07-07,108.279000,108.689665,53.244838,-0.377832,103.360560
2023-07-10,108.315000,108.749918,53.244838,-0.399925,103.428172
2023-07-11,108.324000,108.794566,53.687316,-0.432527,101.768330
2023-07-12,108.400000,108.807755,53.466077,-0.374748,102.745379
2023-07-13,108.271000,108.819919,54.572271,-0.504429,98.399292
2023-07-14,108.377000,108.803059,54.867257,-0.391587,97.525823
2023-07-17,108.364000,108.845434,54.719764,-0.442310,98.034480
2023-07-18,108.375000,108.855744,54.498525,-0.441634,98.858593
2023-07-19,108.376000,108.832684,54.646018,-0.419621,98.323692
2023-07-20,108.437000,108.843737,54.719764,-0.373689,98.167887
2023-07-21,108.505000,108.878957,53.776435,-0.343461,101.770534
2023-07-24,108.587000,108.912168,53.851964,-0.298560,101.639815
2023-07-25,108.413000,108.920507,54.909366,-0.465942,97.439906
2023-07-26,108.521000,108.879454,55.060423,-0.329221,97.094381
2023-07-27,108.538000,108.845048,55.664653,-0.282097,94.985498
2023-07-28,108.500000,108.905473,56.646526,-0.372316,91.538667
2023-07-31,108.420000,108.871911,57.401813,-0.415085,88.879053
2023-08-01,108.381000,108.788763,57.401813,-0.374821,88.811111
2023-08-02,108.590000,108.809007,56.495468,-0.201277,92.210107
2023-08-03,108.604000,108.822707,57.099698,-0.200976,90.200656
2023-08-04,108.575000,108.854905,57.250755,-0.257136,89.648153
2023-08-07,108.630000,108.932926,56.797583,-0.278085,91.258138
2023-08-08,108.742000,109.002660,56.797583,-0.239132,91.455330
2023-08-09,108.731000,109.023846,57.024169,-0.268608,90.675290
2023-08-10,108.710000,109.032589,56.042296,-0.295865,93.978491
2023-08-11,108.686000,109.090489,54.607251,-0.370783,99.032177
2023-08-14,108.709000,109.114152,53.625378,-0.371310,102.719318
2023-08-15,108.910000,109.166941,54.154079,-0.235365,101.111353
2023-08-16,108.898000,109.185688,53.927492,-0.263485,101.934106
2023-08-17,108.980000,109.227656,53.625378,-0.226734,103.224676
2023-08-18,109.041000,109.264300,53.398792,-0.204367,104.201250
2023-08-21,109.241000,109.317526,52.567976,-0.070003,107.809029
2023-08-22,109.156000,109.321672,52.945619,-0.151546,106.166254
2023-08-23,109.210000,109.330235,53.021148,-0.109974,105.974416
2023-08-24,109.219000,109.330634,52.794562,-0.102106,106.875474
2023-08-25,109.069000,109.328936,53.247734,-0.237756,104.833129
2023-08-28,108.970000,109.333757,54.003021,-0.332703,101.785007
2023-08-29,108.835000,109.274173,53.398792,-0.401900,103.815474
2023-08-30,108.856000,109.258813,53.096677,-0.368678,105.014714
2023-08-31,108.903000,109.278668,52.719033,-0.343771,106.572453
2023-09-01,108.860000,109.250455,52.945619,-0.357394,105.607190
2023-09-04,108.752000,109.218817,53.700906,-0.427414,102.514273
2023-09-05,108.750000,109.194812,53.172205,-0.407356,104.524148
2023-09-06,108.754000,109.173155,53.549849,-0.383936,103.089275
2023-09-07,108.694000,109.061938,53.172205,-0.337366,104.418830
2023-09-08,108.686000,108.996009,52.870091,-0.284422,105.571806
2023-09-11,108.673000,108.944171,53.172205,-0.248908,104.379335
2023-09-12,108.783000,108.938746,53.323263,-0.142967,104.006646
2023-09-13,108.819000,109.024766,53.247734,-0.188733,104.363626
2023-09-14,108.810000,109.026851,53.700906,-0.198897,102.622278
2023-09-15,108.814000,109.062668,53.776435,-0.228005,102.345135
2023-09-18,108.750000,109.028238,53.398792,-0.255198,103.656294
2023-09-19,108.754000,109.058701,53.851964,-0.279392,101.949924
2023-09-20,108.742000,109.096905,53.851964,-0.325311,101.927641
2023-09-21,108.756000,109.121634,53.625378,-0.335070,102.806963
2023-09-22,108.739000,109.130490,54.229607,-0.358735,100.515928
2023-09-25,108.708000,109.162387,54.078550,-0.416249,101.018704
2023-09-26,108.745000,109.157915,54.003021,-0.378273,101.368364
2023-09-27,108.664000,109.118588,53.851964,-0.416600,101.782799
2023-09-28,108.804000,109.094411,53.625378,-0.266201,102.896473
2023-10-09,108.799000,109.281215,53.096677,-0.441260,104.907363
2023-10-10,108.809000,109.290281,52.945619,-0.440369,105.510864
2023-10-11,108.763000,109.298802,53.021148,-0.490217,105.131356
2023-10-12,108.791000,109.266702,53.927492,-0.435358,101.735692
2023-10-13,108.843000,109.245577,53.625378,-0.368506,102.969200
2023-10-16,108.883000,109.272723,53.398792,-0.356652,103.905364
2023-10-17,108.868000,109.264205,53.549849,-0.362612,103.302161
2023-10-18,108.820000,109.259406,53.247734,-0.402168,104.365504
2023-10-19,108.697000,109.190276,51.661631,-0.451759,110.401795
2023-10-20,108.639000,109.174032,51.888218,-0.490072,109.371231
2023-10-23,108.650000,109.203369,51.586103,-0.506733,110.618741
2023-10-24,108.655000,109.156623,51.510574,-0.459544,110.937273
2023-10-25,108.680000,109.160004,52.341390,-0.439725,107.636825
2023-10-26,108.852000,109.169134,52.567976,-0.290498,107.069034
2023-10-27,108.845000,109.226945,52.794562,-0.349680,106.167067
2023-10-30,106.819000,107.176319,51.359517,-0.333394,107.982876
2023-10-31,106.867000,107.183704,51.510574,-0.295478,107.466141
2023-11-01,106.825000,107.195337,51.812689,-0.345479,106.175364
2023-11-02,106.920000,107.251798,52.416918,-0.309363,103.979942
2023-11-03,106.982000,107.240714,52.039275,-0.241246,105.579344
2023-11-06,107.126000,107.256182,52.416918,-0.121375,104.372945
2023-11-07,107.040000,107.250971,52.190332,-0.196707,105.095456
2023-11-08,107.007000,107.259799,52.114804,-0.235689,105.329374
2023-11-09,106.966000,107.235014,52.341390,-0.250864,104.362170
2023-11-10,107.060000,107.255493,51.963746,-0.182269,106.028256
2023-11-13,107.100000,107.280699,51.963746,-0.168436,106.105233
2023-11-14,107.095000,107.297608,51.963746,-0.188828,106.095610
2023-11-15,107.095000,107.309003,52.567976,-0.199427,103.726695
2023-11-16,107.097000,107.333443,52.341390,-0.220288,104.612450
2023-11-17,107.111000,107.340218,51.812689,-0.213543,106.727353
2023-11-20,107.090000,107.381479,52.190332,-0.271442,105.191259
2023-11-21,107.091000,107.408007,52.567976,-0.295143,103.719086
2023-11-22,107.084000,107.396065,52.416918,-0.290574,104.292818
2023-11-23,107.089000,107.347588,52.341390,-0.240888,104.597166
2023-11-24,107.085000,107.347490,52.492447,-0.244524,104.000777
2023-11-27,107.098000,107.312812,52.114804,-0.200174,105.503988
2023-11-28,107.090000,107.302518,51.888218,-0.198055,106.385968
2023-11-29,107.081000,107.307752,51.510574,-0.211310,107.881589
2023-11-30,107.135000,107.326187,51.737160,-0.178136,107.075533
2023-12-01,107.133000,107.328393,51.737160,-0.182051,107.071667
2023-12-04,107.122000,107.330333,51.435045,-0.194105,108.266561
2023-12-05,107.119000,107.300680,50.679758,-0.169319,111.364465
2023-12-06,107.139000,107.300962,49.924471,-0.150941,114.602172
2023-12-07,107.146000,107.307145,49.924471,-0.150171,114.616194
2023-12-08,107.143000,107.275428,50.377644,-0.123447,112.679658
2023-12-11,107.179000,107.325999,50.755287,-0.136965,111.168149
2023-12-12,107.190000,107.343172,50.679758,-0.142693,111.504560
2023-12-13,107.240000,107.387449,50.679758,-0.137305,111.603219
2023-12-14,107.273000,107.432761,50.151057,-0.148708,113.899777
2023-12-15,107.319000,107.499551,49.622356,-0.167955,116.271470
2023-12-18,107.280000,107.569700,49.697885,-0.269314,115.864316
2023-12-19,107.250000,107.602822,49.546828,-0.327893,116.461890
2023-12-20,107.216000,107.610777,49.320242,-0.366856,117.387418
2023-12-21,107.297000,107.622079,49.622356,-0.302056,116.227135
2023-12-22,107.368000,107.663855,49.697885,-0.274795,116.041386
2023-12-25,107.375000,107.718327,49.697885,-0.318726,116.055471
2023-12-26,107.400000,107.765418,49.546828,-0.339086,116.764634
2023-12-27,107.560000,107.841570,49.848943,-0.261096,115.771879
2023-12-28,107.597000,107.916255,50.453172,-0.295836,113.261120
2023-12-29,107.651000,107.983131,50.000000,-0.307577,115.302000
2024-01-02,107.747000,108.031890,49.848943,-0.263709,116.147012
2024-01-03,107.750000,108.002259,50.151057,-0.233568,114.850904
2024-01-04,107.800000,108.025267,50.000000,-0.208532,115.600000
2024-01-05,107.840000,108.023365,50.453172,-0.169745,113.742754
2024-01-08,107.876000,108.083049,49.773414,-0.191565,116.734179
2024-01-09,107.867000,108.097256,49.924471,-0.213008,116.060375
2024-01-10,107.940000,108.096582,49.622356,-0.144854,117.522922
2024-01-11,107.880000,108.102812,49.320242,-0.206111,118.733721
2024-01-12,107.840000,108.100843,49.093656,-0.241296,119.661785
2024-01-15,107.804000,108.109392,49.169184,-0.282485,119.251146
2024-01-16,107.843000,108.119460,49.773414,-0.255699,116.667879
2024-01-17,107.832000,108.127571,49.320242,-0.273354,118.636398
2024-01-18,107.834000,108.139430,49.546828,-0.282441,117.640573
2024-01-19,107.898000,108.133019,49.773414,-0.217343,116.778379
2024-01-22,107.904000,108.201030,49.773414,-0.274517,116.790434
2024-01-23,107.939000,108.165623,50.000000,-0.209515,115.878000
2024-01-24,108.028000,108.214981,50.679758,-0.172786,113.158080
2024-01-25,108.056000,108.241735,51.132931,-0.171593,111.323699
2024-01-26,108.098000,108.266411,51.888218,-0.155552,108.328606
2024-01-29,108.100000,108.290417,52.114804,-0.175840,107.426667
2024-01-30,108.197000,108.222650,51.586103,-0.023701,109.740597
2024-01-31,108.240000,108.403344,51.586103,-0.150682,109.823953
2024-02-01,108.237000,108.449128,51.359517,-0.195602,110.743806
2024-02-02,108.195000,108.455890,51.661631,-0.240549,109.430088
2024-02-05,108.231000,108.548945,52.039275,-0.292904,107.979454
2024-02-06,108.166000,108.525718,52.870091,-0.331459,104.588263
2024-02-07,108.160000,108.544027,52.416918,-0.353799,106.345591
2024-02-08,108.312000,108.598346,52.567976,-0.263675,106.041793
2024-02-19,108.390000,108.702271,53.776435,-0.287272,101.556685
2024-02-20,108.518000,108.393471,53.625378,0.114886,102.363144
2024-02-21,108.606000,108.768787,54.682779,-0.149664,98.610972
2024-02-22,108.560000,108.771603,54.456193,-0.194539,99.352899
2024-02-23,108.743000,108.814790,54.984894,-0.065975,97.768863
2024-02-26,108.720000,108.853390,53.625378,-0.122541,102.739831
2024-02-27,108.723000,108.886347,53.927492,-0.150016,101.609597
2024-02-28,108.723000,108.912737,53.625378,-0.174210,102.745425
2024-02-29,108.763000,108.957375,54.003021,-0.178396,101.401695
2024-03-01,108.740000,108.928500,53.700906,-0.173049,102.491927
2024-03-04,108.756000,108.954661,53.398792,-0.182333,103.667530
2024-03-05,108.770000,108.966193,54.078550,-0.180049,101.133352
2024-03-06,108.859000,108.515262,53.776435,0.316765,102.428815
2024-03-07,108.878000,108.523377,53.927492,0.326771,101.897020
2024-03-08,108.950000,109.003864,53.776435,-0.049415,102.598034
2024-03-11,108.890000,109.015950,53.700906,-0.115534,102.771252
2024-03-12,108.856000,108.959584,53.625378,-0.095066,102.993442
2024-03-13,108.698000,108.937270,53.172205,-0.219640,104.426352
2024-03-14,108.647000,108.896794,53.172205,-0.229386,104.330438
2024-03-15,108.727000,108.910429,53.549849,-0.168422,103.038855
2024-03-18,108.897000,108.939500,53.549849,-0.039013,103.356316
2024-03-19,108.899000,108.941817,52.945619,-0.039303,105.680850
2024-03-20,108.950000,108.961082,53.096677,-0.010170,105.191750
2024-03-21,108.955000,108.994175,53.625378,-0.035942,103.178056
2024-03-22,108.920000,108.999774,53.172205,-0.073188,104.843864
2024-03-25,108.919000,109.018692,53.323263,-0.091444,104.261694
2024-03-26,108.930000,109.029667,54.003021,-0.091413,101.710937
2024-03-27,108.999000,109.036300,54.154079,-0.034209,101.275699
2024-03-28,108.956000,109.069062,54.154079,-0.103661,101.196296
2024-03-29,108.987000,109.103581,53.851964,-0.106853,102.382592
2024-04-01,108.950000,109.121333,54.607251,-0.157012,99.515629
2024-04-02,109.017000,109.146645,54.909366,-0.118780,98.539901
2024-04-03,109.067000,109.165518,54.607251,-0.090246,99.729887
2024-04-08,109.181000,109.218677,54.984894,-0.034497,98.565445
2024-04-09,109.260000,109.277873,54.833837,-0.016356,99.256529
2024-04-10,109.313000,109.325683,54.909366,-0.011601,99.078971
2024-04-11,109.350000,109.387870,54.682779,-0.034620,99.971547
2024-04-12,109.420000,109.447183,53.851964,-0.024837,103.186648
2024-04-15,109.447000,109.479373,55.135952,-0.029570,98.503874
2024-04-16,109.387000,109.514652,54.833837,-0.116561,99.488138
2024-04-17,109.392000,109.527436,55.438066,-0.123655,97.322899
2024-04-18,109.543000,109.556430,55.362538,-0.012259,97.864846
2024-04-19,109.530000,109.603083,55.438066,-0.066680,97.571826
2024-04-22,109.690000,109.670156,55.060423,0.018094,99.217503
2024-04-23,109.732000,109.705016,55.438066,0.024597,97.936196
2024-04-24,109.651000,109.684422,55.589124,-0.030471,97.252614
2024-04-25,109.648000,109.671759,55.966767,-0.021664,95.916265
2024-04-26,109.564000,109.615746,56.042296,-0.047206,95.502340
2024-04-29,109.499000,109.563505,56.042296,-0.058874,95.386356
2024-04-30,109.531000,109.614492,58.157100,-0.076169,88.336421
2024-05-06,109.651000,109.669538,59.290030,-0.016903,84.940031
2024-05-07,109.767000,109.755753,59.063444,0.010247,85.845918
2024-05-08,109.718000,109.789015,58.912387,-0.064683,86.239272
2024-05-09,109.849000,109.786462,58.912387,0.056963,86.461636
2024-05-10,109.928000,109.778093,59.969789,0.136554,83.305632
2024-05-13,109.834000,109.786251,60.120846,0.043492,82.688714
2024-05-14,109.919000,109.813780,59.516616,0.095817,84.686239
2024-05-15,109.972000,109.859984,59.592145,0.101962,84.541100
2024-05-16,109.960000,109.850988,60.574018,0.099236,81.529975
2024-05-17,109.992000,109.864220,61.631420,0.116307,78.467412
2024-05-20,109.956000,109.898549,62.839879,0.052277,74.978058
2024-05-21,110.064000,109.922842,63.595166,0.128416,73.069758
2024-05-22,110.045000,109.912262,64.425982,0.120767,70.808417
2024-05-23,110.076000,109.934854,64.350453,0.128391,71.057070
2024-05-24,110.059000,109.941591,63.746224,0.106792,72.651796
2024-05-27,110.131000,109.961565,64.501511,0.154086,70.741738
2024-05-28,110.122000,109.964901,64.501511,0.142863,70.727785
2024-05-29,110.030000,109.976968,64.123867,0.048221,71.589776
2024-05-30,110.030000,109.988785,63.444109,0.037472,73.428238
2024-05-31,110.092000,109.987147,62.990937,0.095332,74.774350
2024-06-03,110.092000,110.006265,62.537764,0.077936,76.040831
2024-06-04,110.028000,110.014260,62.839879,0.012490,75.092635
2024-06-05,110.180000,110.051093,62.613293,0.117133,75.969023
2024-06-06,110.158000,110.072685,62.311178,0.077508,76.786899
2024-06-07,110.126000,110.079869,62.764350,0.041907,75.459475
2024-06-11,110.152000,110.121433,61.555891,0.027757,78.946317
2024-06-12,110.124000,110.143393,61.253776,-0.017607,79.783201
2024-06-13,110.183000,110.156188,61.404834,0.024340,79.437014
2024-06-14,110.222000,110.169553,61.480363,0.047606,79.280010
2024-06-17,110.294000,110.163571,61.178248,0.118396,80.283032
2024-06-18,110.256000,110.184757,61.102719,0.064658,80.443689
2024-06-19,110.208000,110.190346,62.084592,0.016021,77.512642
2024-06-20,110.204000,110.210370,61.933535,-0.005780,77.939141
2024-06-21,110.172000,110.205315,61.706949,-0.030230,78.540671
2024-06-24,110.222000,110.229444,61.555891,-0.006753,79.060034
2024-06-25,110.193000,110.232056,61.933535,-0.035430,77.921380
2024-06-26,110.253000,110.243246,62.009063,0.008848,77.801428
2024-06-27,110.279000,110.244961,62.084592,0.030876,77.627002
2024-06-28,110.261000,110.253652,62.160121,0.006664,77.382216
2024-07-01,110.284000,110.277529,62.537764,0.005868,76.347845
2024-07-02,110.311000,110.275931,64.425982,0.031801,71.221294
2024-07-03,110.391000,110.305407,64.425982,0.077596,71.345468
2024-07-04,110.350000,110.318848,64.199396,0.028238,71.886353
2024-07-05,110.364000,110.324737,62.990937,0.035588,75.206158
2024-07-08,110.299000,110.300319,63.670695,-0.001196,73.233542
2024-07-09,110.306000,110.321389,65.256798,-0.013949,69.033731
2024-07-10,110.365000,110.342986,65.634441,0.019951,68.151047
2024-07-11,110.368000,110.344184,64.954683,0.021584,69.915386
2024-07-12,110.449000,110.355036,66.767372,0.085147,65.423615
2024-07-15,110.481000,110.385596,67.069486,0.086428,64.726176
2024-07-16,110.460000,110.426516,66.918429,0.030323,65.066637
2024-07-17,110.480000,110.413784,68.277946,0.059971,61.809204
2024-07-18,110.490000,110.428550,67.879257,0.055646,62.774322
2024-07-19,110.499000,110.437821,67.569659,0.055397,63.533457
2024-07-22,110.514000,110.466996,66.408669,0.042551,66.415021
2024-07-23,110.537000,110.481460,66.486068,0.050271,66.255884
2024-07-24,110.486000,110.489353,66.176471,-0.003034,66.956622
2024-07-25,110.479000,110.516694,65.944272,-0.034107,67.533883
2024-07-26,110.508000,110.534507,64.473684,-0.023981,71.400163
2024-07-29,110.566000,110.574452,66.021672,-0.007644,67.469252
2024-07-30,110.580000,110.579147,64.938080,0.000771,70.285292
2024-07-31,110.581000,110.588285,65.015480,-0.006588,70.084110
2024-08-01,110.616000,110.607306,66.331269,0.007860,66.762978
2024-08-02,110.648000,110.628095,65.557276,0.017993,68.780656
2024-08-05,110.716000,110.666006,64.860681,0.045176,70.698177
2024-08-06,110.655000,110.672963,63.777090,-0.016230,73.502743
2024-08-07,110.671000,110.671631,64.318885,-0.000570,72.066103
2024-08-08,110.653000,110.681593,64.860681,-0.025834,70.601045
2024-08-09,110.640000,110.661443,66.021672,-0.019377,67.581336
2024-08-12,110.558000,110.614311,66.408669,-0.050908,66.481277
2024-08-13,110.580000,110.615526,66.486068,-0.032117,66.320559
2024-08-14,110.607000,110.636712,66.331269,-0.026855,66.749410
2024-08-15,110.591000,110.618878,67.647059,-0.025202,63.482348
2024-08-16,110.563000,110.628437,68.498452,-0.059150,61.409487
2024-08-19,110.599000,110.641574,69.814241,-0.038479,58.418967
2024-08-20,110.588000,110.640167,68.962848,-0.047150,60.358806
2024-08-21,110.587000,110.634988,69.349845,-0.043375,59.462504
2024-08-22,110.555000,110.627414,69.736842,-0.065457,58.531698
2024-08-23,110.540000,110.621841,69.659443,-0.073983,58.686311
2024-08-26,110.502000,110.609427,68.730650,-0.097123,60.775432
2024-08-27,110.498000,110.550681,68.730650,-0.047654,60.769613
2024-08-28,110.451000,110.556290,68.266254,-0.095237,61.794435
2024-08-29,110.472000,110.583693,66.176471,-0.101003,66.935467
2024-08-30,110.476000,110.617798,65.247678,-0.128187,69.317903
2024-09-02,110.559000,110.658143,64.938080,-0.089594,70.252954
2024-09-03,110.579000,110.676015,63.854489,-0.087657,73.173416
2024-09-04,110.610000,110.695022,64.396285,-0.076808,71.764567
2024-09-05,110.602000,110.712055,64.396285,-0.099406,71.752144
2024-09-06,110.671000,110.706338,65.247678,-0.031920,69.616764
2024-09-09,110.601000,110.717140,64.860681,-0.104898,70.520874
2024-09-10,110.610000,110.717027,65.789474,-0.096667,68.127200
2024-09-11,110.636000,110.722068,63.854489,-0.077733,73.262681
2024-09-12,110.603000,110.738972,65.557276,-0.122786,68.712014
2024-09-13,110.586000,110.749762,64.628483,-0.147867,71.110314
2024-09-18,110.589000,110.777397,64.396285,-0.170068,71.731957
2024-09-19,110.588000,110.784414,65.944272,-0.177294,67.699174
2024-09-20,110.582000,110.786314,65.866873,-0.184422,67.887126
2024-09-23,110.575000,110.806325,66.795666,-0.208765,65.542178
2024-09-24,110.624000,110.824381,70.356037,-0.180810,57.234552
2024-09-25,110.652000,110.846738,73.452012,-0.175682,50.645294
2024-09-26,110.749000,110.860013,76.160991,-0.100138,45.414337
2024-09-27,110.700000,110.796505,76.393189,-0.087101,44.908207
2024-09-30,110.809000,110.674747,78.405573,0.121304,41.327964
2024-10-08,111.063000,110.656590,81.269350,0.367271,36.660377
2024-10-09,110.641000,110.580359,76.702786,0.054839,44.246390
2024-10-10,110.712000,110.638159,79.798762,0.066741,38.738995
2024-10-11,110.805000,110.774792,78.637771,0.027270,40.905571
2024-10-14,111.039000,110.905626,80.495356,0.120259,37.944604
2024-10-15,111.024000,110.934271,79.334365,0.080884,39.944398
2024-10-16,111.153000,110.950411,80.030960,0.182594,38.887501
2024-10-17,111.056000,110.958074,79.102167,0.088255,40.395648
2024-10-18,111.185000,110.958844,78.560372,0.203820,41.528099
2024-10-21,111.285000,110.969455,78.637771,0.284353,41.515965
2024-10-22,111.260000,110.974387,78.405573,0.257368,41.903179
2024-10-23,111.111000,110.956405,78.792570,0.139329,41.017104
2024-10-24,111.052000,110.955387,78.482972,0.087074,41.498209
2024-10-25,111.076000,110.961941,78.018576,0.102791,42.371222
2024-10-28,108.011000,107.780477,77.863777,0.213882,38.717905
2024-10-29,108.000000,107.772615,77.321981,0.210986,39.675676
2024-10-30,108.000000,107.767781,76.934985,0.215481,40.378270
2024-10-31,108.011000,107.787866,76.160991,0.207012,41.819321
2024-11-01,108.071000,107.824154,76.934985,0.228934,40.470555
2024-11-04,108.136000,107.861405,77.321981,0.254581,39.851564
2024-11-05,108.237000,107.863051,77.863777,0.346688,39.008155
2024-11-06,108.301000,107.877787,77.012384,0.392308,40.628032
2024-11-07,108.240000,107.899060,79.566563,0.315980,36.037043
2024-11-08,108.320000,107.916629,77.863777,0.373780,39.114751
2024-11-11,108.302000,107.944722,75.232198,0.330982,43.956979
2024-11-12,108.340000,107.959705,74.767802,0.352256,44.901946
2024-11-13,108.200000,107.963607,74.535604,0.218956,45.165524
2024-11-14,108.134000,107.969256,74.690402,0.152584,44.776298
2024-11-15,108.201000,107.979595,73.839009,0.205043,46.536365
2024-11-18,108.320000,107.995900,76.083591,0.300104,42.369725
2024-11-19,108.393000,108.000139,75.773994,0.363760,43.047759
2024-11-20,108.462000,108.002327,75.154799,0.425614,44.318130
2024-11-21,108.467000,108.008142,75.232198,0.424836,44.176300
2024-11-22,108.347000,108.017698,73.374613,0.304860,47.662789
2024-11-25,108.209000,108.038199,72.213622,0.158093,49.845689
2024-11-26,108.235000,108.047252,72.058824,0.173765,50.203673
2024-11-27,108.395000,108.067243,72.987616,0.303290,48.511495
2024-11-28,108.398000,108.074251,73.065015,0.299562,48.358280
2024-11-29,108.449000,108.107192,73.219814,0.316175,48.114279
2024-12-02,108.461000,108.076929,73.452012,0.355368,47.662394
2024-12-03,108.457000,108.210932,74.690402,0.227397,45.208750
2024-12-04,108.439000,108.088520,75.464396,0.324253,43.695577
2024-12-05,108.544000,108.094333,74.613003,0.415995,45.475983
2024-12-06,108.659000,108.254612,75.077399,0.373552,44.729307
2024-12-09,108.740000,108.270545,74.767802,0.433595,45.436936
2024-12-10,108.807000,108.295475,75.851393,0.472342,43.447596
2024-12-11,109.030000,108.300928,74.535604,0.673191,46.279086
2024-12-12,109.097000,108.306193,76.006192,0.730159,43.536990
2024-12-13,108.830000,108.353418,74.767802,0.439840,45.557308
2024-12-16,108.671000,108.386964,74.613003,0.262057,45.646195
2024-12-17,108.687000,108.378249,73.761610,0.284883,47.349007
2024-12-18,108.642000,108.383369,73.839009,0.238626,47.133610
2024-12-19,108.651000,108.175729,73.761610,0.439351,47.300201
2024-12-20,108.687000,108.402743,74.148607,0.262224,46.579962
2024-12-23,108.829000,108.430788,76.857585,0.367250,41.598256
2024-12-24,109.100000,108.204804,78.405573,0.827317,39.148272
2024-12-25,109.255000,108.210619,80.108359,0.965137,36.384019
2024-12-26,109.208000,108.434042,80.030960,0.713759,36.457191
2024-12-27,109.199000,108.222249,80.185759,0.902541,36.182537
2024-12-30,109.321000,108.484957,81.037152,0.770653,34.902323
2024-12-31,108.998000,108.508271,79.643963,0.451329,36.856575
2025-01-02,109.062000,108.257143,78.405573,0.743468,39.099807
2025-01-03,109.096000,108.565172,77.863777,0.488949,40.111364
2025-01-06,109.063000,108.582951,78.560372,0.442103,38.826991
2025-01-07,109.103000,108.286224,79.489164,0.754275,37.255186
2025-01-08,109.179000,108.578761,79.721362,0.552814,36.950746
2025-01-09,109.156000,108.563767,78.869969,0.545516,38.399953
2025-01-10,109.188000,108.556512,78.405573,0.581714,39.260509
2025-01-13,109.079000,108.546582,77.399381,0.490497,40.930068
2025-01-14,109.065000,108.523907,78.637771,0.498593,38.692894
2025-01-15,109.098000,108.333058,79.024768,0.706102,38.055452
2025-01-16,109.000000,108.338924,79.024768,0.610192,37.931440
2025-01-17,109.000000,108.460954,79.489164,0.496996,37.125609
2025-01-20,109.129000,108.458803,80.263158,0.617928,35.964000
2025-01-21,109.230000,108.463895,80.263158,0.706322,36.089836
2025-01-22,109.251000,108.481703,77.631579,0.709149,40.730102
2025-01-23,109.301000,108.457795,79.798762,0.777450,36.970797
2025-01-24,109.313000,108.452100,80.417957,0.793807,35.931084
2025-01-27,109.365000,108.519289,82.430341,0.779319,32.675662
2025-02-05,109.398000,108.577491,80.572755,0.755690,35.775424
2025-02-06,109.398000,108.606144,80.727554,0.729108,35.515068
2025-02-07,109.400000,108.633644,80.030960,0.705450,36.697099
2025-02-10,109.409000,108.642696,79.489164,0.705343,37.640144
2025-02-11,109.396000,108.631998,79.721362,0.703294,37.222944
2025-02-12,109.379000,108.629995,80.572755,0.689501,35.751842
2025-02-13,109.285000,108.623409,79.798762,0.609069,36.950747
2025-02-14,109.154000,108.609277,80.572755,0.501544,35.472592
2025-02-17,109.046000,108.604822,79.489164,0.406223,37.183478
2025-02-18,109.057000,108.574214,81.269350,0.444660,34.192042
2025-02-19,109.036000,108.577714,80.804954,0.422081,34.937272
2025-02-20,109.000000,108.554169,80.417957,0.410699,35.541867
2025-02-21,108.900000,108.533229,79.643963,0.337934,36.733528
2025-02-24,108.913000,108.517185,79.024768,0.364749,37.821348
2025-02-25,108.903000,108.501586,78.173375,0.369962,39.309580
2025-02-26,108.955000,108.508369,78.792570,0.411610,38.280806
2025-02-27,108.932000,108.502420,79.256966,0.395918,37.441547
2025-02-28,108.890000,108.495155,78.715170,0.363929,38.334199
2025-03-03,108.742000,108.518044,78.560372,0.206376,38.418388
2025-03-04,108.749000,108.549250,78.173375,0.184018,39.112582
2025-03-05,108.783000,108.563492,79.334365,0.202194,37.119645
2025-03-06,108.810000,108.574299,78.405573,0.217088,38.778401
2025-03-07,108.840000,108.557083,78.482972,0.260615,38.679763
2025-03-10,108.810000,108.570724,78.173375,0.220388,39.190614
2025-03-11,108.835000,108.570048,78.328173,0.244038,38.947451
2025-03-12,108.760000,108.576200,78.328173,0.169282,38.851700
2025-03-13,108.749000,108.616700,79.102167,0.121805,37.479166
2025-03-14,108.766000,108.635993,80.650155,0.119672,34.861489
2025-03-17,108.918000,108.654420,82.043344,0.242585,32.756657
2025-03-18,108.854000,108.661674,82.352941,0.176995,32.179857
2025-03-19,109.069000,108.671052,82.430341,0.366195,32.316571
2025-03-20,109.255000,108.695907,82.507740,0.514364,32.417880
2025-03-21,109.118000,108.713268,81.037152,0.372293,34.651820
2025-03-24,109.025000,108.732701,82.120743,0.268823,32.761828
2025-03-25,108.989000,108.754301,82.120743,0.215807,32.717991
2025-03-26,108.909000,108.762868,81.037152,0.134358,34.393914
2025-03-27,108.908000,108.768335,81.656347,0.128406,33.373589
2025-03-28,108.866000,108.785198,80.804954,0.074277,34.726889
2025-03-31,108.873000,108.804857,80.727554,0.062628,34.864733
2025-04-01,108.893000,108.809812,80.108359,0.076453,35.932131
2025-04-02,108.895000,108.816528,80.959752,0.072114,34.505105
2025-04-03,108.949000,108.852363,81.114551,0.088778,34.314989
2025-04-07,108.971000,108.916125,74.690402,0.050383,45.896924
2025-04-08,108.948000,108.917321,78.947368,0.028167,38.000800
2025-04-09,108.957000,108.923138,77.476780,0.031088,40.631812
2025-04-10,108.882000,108.922867,77.399381,-0.037520,40.675544
2025-04-11,108.896000,108.938192,77.941176,-0.038730,39.715623
2025-04-14,108.930000,108.952930,78.792570,-0.021046,38.249077
2025-04-15,109.029000,108.949318,81.037152,0.073137,34.541994
2025-04-16,109.092000,108.957034,82.043344,0.123871,32.968740
2025-04-17,109.140000,108.962205,83.204334,0.163171,31.171051
2025-04-18,108.755000,108.967610,83.668731,-0.195113,29.982849
2025-04-21,109.057000,108.983733,81.811146,0.067228,33.303353
2025-04-22,109.120000,108.989368,82.894737,0.119858,31.636825
2025-04-23,109.084000,108.993175,82.585139,0.083331,32.086718
2025-04-24,109.081000,108.999057,83.126935,0.075177,31.222209
2025-04-25,109.124000,109.002130,81.965944,0.111805,33.133341
2025-04-28,109.162000,109.018604,83.126935,0.131533,31.319650
2025-04-29,109.124000,109.036034,83.823529,0.080676,30.183018
2025-04-30,109.187000,109.043965,84.829721,0.131172,28.713142
2025-05-06,109.203000,109.075162,86.455108,0.117202,26.311796
2025-05-07,109.310000,109.086556,88.003096,0.204832,24.211539
2025-05-08,109.536000,109.104451,90.015480,0.395537,21.685737
2025-05-09,109.816000,109.122109,91.331269,0.635884,20.239214
2025-05-12,109.799000,109.144126,90.634675,0.600009,21.144584
2025-05-13,109.867000,109.154689,93.498452,0.652570,17.506758
2025-05-14,110.031000,109.162454,94.040248,0.795646,17.004158
2025-05-15,110.182000,109.175460,95.123839,0.921947,15.830060
2025-05-16,110.063000,109.177552,93.653251,0.811016,17.521815
2025-05-19,109.955000,109.191505,92.879257,0.699226,18.384883
2025-05-20,110.079000,109.208536,94.969040,0.797066,15.910406
2025-05-21,110.097000,109.208560,94.969040,0.813526,15.929359
2025-05-22,110.140000,109.211597,96.207430,0.850095,14.481802
2025-05-23,110.032000,109.212815,94.659443,0.750082,16.239856
2025-05-26,110.000000,109.227534,93.266254,0.707208,17.941909
2025-05-27,110.010000,109.230316,94.349845,0.713799,16.597966
2025-05-28,110.015000,109.226518,94.582043,0.721878,16.317005
2025-05-29,110.197000,109.230465,94.195046,0.884858,16.988105
2025-05-30,110.200000,109.235863,95.433437,0.882620,15.473155
2025-06-03,110.439000,109.251526,97.058824,1.086917,13.785636
2025-06-04,110.336000,109.258204,95.820433,0.986467,15.148717
2025-06-05,110.225000,109.262891,95.356037,0.880545,15.593101
2025-06-06,110.414000,109.267415,95.356037,1.049338,15.791305
2025-06-09,110.400000,109.286223,95.278638,1.019138,15.870674
2025-06-10,110.420000,109.293199,95.665635,1.030989,15.422848
2025-06-11,110.429000,109.295945,95.588235,1.036685,15.525723
2025-06-12,110.460000,109.301775,96.439628,1.059658,14.537978
2025-06-13,110.450000,109.308050,95.510836,1.044708,15.641329
2025-06-16,110.518000,109.327138,97.368421,1.089265,13.504973
2025-06-17,110.551000,109.332988,97.058824,1.114039,13.901030
2025-06-18,110.948000,109.340245,98.916409,1.470415,12.163393
2025-06-19,111.154000,109.344359,98.606811,1.654992,12.724465
2025-06-20,111.879000,109.347001,100.773994,2.315563,11.019714
2025-06-23,111.982000,109.359431,103.018576,2.398119,8.700784
2025-06-24,112.190000,109.363434,103.018576,2.584562,8.902690
2025-06-25,112.504000,109.373582,104.179567,2.862134,7.990467
2025-06-26,112.451000,109.375939,105.417957,2.811460,6.671580
2025-06-27,112.400000,109.390040,104.876161,2.751585,7.174022
2025-06-30,112.749000,109.407285,107.430341,3.054380,4.950798
2025-07-01,113.409000,109.418083,109.752322,3.647402,3.331755
2025-07-02,113.394000,109.429939,109.907121,3.622464,3.172569
2025-07-03,113.242000,109.441479,109.752322,3.472651,3.179594
2025-07-04,114.528000,109.449963,112.848297,4.639597,1.488461
2025-07-07,114.669000,109.460605,113.003096,4.758237,1.474211
2025-07-08,114.148000,109.473374,110.139319,4.270103,3.639646
2025-07-09,114.003000,109.479686,109.674923,4.131647,3.946278
2025-07-10,114.301000,109.480779,109.907121,4.402801,3.997811
2025-07-11,113.626000,109.488287,106.811146,3.779138,6.380284
2025-07-14,113.223000,109.493843,109.210526,3.405815,3.674072
2025-07-15,113.170000,109.498851,107.817337,3.352682,4.964566
2025-07-16,113.236000,109.503613,107.753797,3.408460,5.087712
2025-07-17,113.544000,109.508376,107.434053,3.685220,5.687161
2025-07-18,113.830000,109.514644,107.593925,3.940437,5.795936
2025-07-21,113.631000,109.530351,107.753797,3.743847,5.454289
2025-07-22,113.491000,109.537395,105.755396,3.609365,7.314619
2025-07-23,113.800000,109.542036,106.554756,3.887060,6.799550
2025-07-24,113.542000,109.543652,104.396483,3.650004,8.760369
2025-07-25,113.688000,109.543184,104.476419,3.783728,8.816900
2025-07-28,113.677000,109.557657,104.556355,3.759977,8.723186
2025-07-29,113.147000,109.551968,102.238209,3.281577,10.669974
2025-07-30,113.059000,109.556362,102.957634,3.197111,9.811187
2025-07-31,112.566000,109.562666,102.398082,2.741202,9.929794
2025-08-01,112.185000,109.570041,103.277378,2.386564,8.624950
2025-08-04,112.678000,109.594872,104.956035,2.813204,7.357333
2025-08-05,114.076000,109.607309,109.912070,4.077001,3.788419
2025-08-06,114.087000,109.611154,110.231815,4.083386,3.497344
2025-08-07,114.326000,109.621195,111.350919,4.291875,2.671806
2025-08-08,114.828000,109.625280,113.269384,4.745913,1.376025
2025-08-11,114.649000,109.636743,111.750600,4.571694,2.593633
2025-08-12,114.665000,109.637709,111.031175,4.585366,3.272797
2025-08-13,114.497000,109.642933,110.551559,4.427159,3.568870
2025-08-14,114.735000,109.649608,110.871303,4.637857,3.484849
2025-08-15,113.943000,109.649446,108.633094,3.915710,4.887927
2025-08-18,113.995000,109.658538,109.032774,3.954513,4.551133
2025-08-19,113.993000,109.660954,109.432454,3.950400,4.167453
2025-08-20,114.166000,109.666016,109.672262,4.103353,4.097424
2025-08-21,114.282000,109.675054,110.151878,4.200541,3.749479
2025-08-22,114.700000,109.678851,111.430855,4.578047,2.933788
2025-08-25,114.716000,109.693549,112.150280,4.578620,2.287752
2025-08-26,114.844000,109.701970,112.150280,4.687272,2.401885
2025-08-27,113.357000,109.703538,109.912070,3.330305,3.134260
2025-08-28,113.200000,109.712434,110.791367,3.178825,2.174026
2025-08-29,113.591000,109.717561,108.952838,3.530373,4.257037
2025-09-01,112.449000,109.733596,107.833733,2.474542,4.279984
2025-09-02,112.476000,109.737911,109.752198,2.495116,2.481774
2025-09-03,112.743000,109.741997,110.151878,2.734598,2.352317
2025-09-04,113.145000,109.747760,110.071942,3.095498,2.791863
2025-09-05,112.689000,109.752560,109.432454,2.675509,2.975850
2025-09-08,112.527000,109.762521,108.553157,2.518600,3.660734
2025-09-09,113.238000,109.768747,112.070344,3.160511,1.041896
2025-09-10,112.888000,109.771257,111.670663,2.839307,1.090113
2025-09-11,113.207000,109.776852,112.869704,3.124655,0.298836
2025-09-12,111.861000,109.781813,108.713030,1.893927,2.895670
2025-09-15,111.148000,109.794491,107.354117,1.232766,3.533990
2025-09-16,110.710000,109.798022,105.195843,0.830596,5.241801
2025-09-17,110.636000,109.801213,103.597122,0.760271,6.794472
2025-09-18,110.734000,109.806448,101.918465,0.844716,8.649595
2025-09-19,110.820000,109.810100,102.398082,0.919679,8.224684
2025-09-22,110.388000,109.824722,100.239808,0.512888,10.123914
2025-09-23,110.451000,109.829587,99.520384,0.565798,10.983294
2025-09-24,110.440000,109.828460,97.681855,0.556814,13.060917
2025-09-25,110.975000,109.833502,99.360512,1.039298,11.689240
2025-09-26,110.704000,109.838619,97.921663,0.787866,13.053636
2025-09-29,110.695000,109.855550,96.402878,0.764140,14.825410
2025-09-30,110.770000,109.865463,95.123901,0.823314,16.448126
2025-10-09,110.532000,109.910098,94.324540,0.565827,17.182654
2025-10-10,110.424000,109.915634,94.644285,0.462506,16.672655
2025-10-13,110.445000,109.930485,100.000000,0.468037,10.445000
2025-10-14,110.350000,109.935539,102.078337,0.377004,8.103250
2025-10-15,110.364000,109.940356,105.275779,0.385340,4.833230
2025-10-16,110.479000,109.944768,106.474820,0.485910,3.760682
2025-10-17,110.581000,109.949402,106.474820,0.574444,3.856480
2025-10-20,110.660000,109.963333,103.836930,0.633545,6.570947
2025-10-21,110.850000,109.968180,103.836930,0.801886,6.753926
2025-10-22,110.800000,109.972477,104.156675,0.752482,6.378204
2025-10-23,110.800000,109.977202,103.677058,0.748153,6.870316
2025-10-24,110.800000,109.981856,103.756994,0.743890,6.787982
2025-10-27,110.800000,109.995337,103.677058,0.731543,6.870316
2025-10-28,110.800000,,,,
