date,code,open,high,low,close,preclose,volume,amount,turn,tradestatus,pctChg,peTTM,pbMRQ,psTTM,pcfNcfTTM,isST
2016-08-29,sh.603339,43.9400000000,44.4800000000,43.5800000000,44.4300000000,44.0500000000,1815260,79899999.0000,3.511141,1,0.862700,77.182819,7.459569,13.531760,18.725444,0
2016-08-30,sh.603339,44.4900000000,44.7000000000,44.1300000000,44.3600000000,44.4300000000,1922834,85337886.0000,3.719215,1,-0.157600,77.061217,7.447817,13.510440,18.695942,0
2016-08-31,sh.603339,44.2200000000,44.9700000000,43.6600000000,44.9400000000,44.3600000000,3358866,149418439.0000,6.496839,1,1.307500,78.068780,7.545196,13.687087,18.940388,0
2016-09-01,sh.603339,44.7500000000,45.1000000000,43.8500000000,43.8800000000,44.9400000000,2681284,119456906.0000,5.186236,1,-2.358700,76.227371,7.367227,13.364250,18.493641,0
2016-09-02,sh.603339,43.6000000000,43.9500000000,42.7000000000,43.0100000000,43.8800000000,2754952,119317843.0000,5.328727,1,-1.982700,74.716026,7.221158,13.099279,18.126972,0
2016-09-05,sh.603339,43.4200000000,43.5300000000,42.8000000000,42.8600000000,43.0100000000,1484436,64003736.0000,2.871250,1,-0.348751,74.455450,7.195974,13.053595,18.063753,0
2016-09-06,sh.603339,42.8600000000,43.4500000000,42.0200000000,43.2800000000,42.8600000000,2207811,94578029.0000,4.270427,1,0.979930,75.185064,7.266490,13.181511,18.240766,0
2016-09-07,sh.603339,43.4900000000,43.4900000000,42.8000000000,42.9300000000,43.2800000000,2257863,97560128.0000,4.367240,1,-0.808684,74.577052,7.207727,13.074914,18.093255,0
2016-09-08,sh.603339,42.5500000000,43.1500000000,42.5500000000,42.9700000000,42.9300000000,1391667,59601696.0000,2.691812,1,0.093177,74.646539,7.214443,13.087097,18.110113,0
2016-09-09,sh.603339,42.9700000000,43.4800000000,42.7800000000,42.9500000000,42.9700000000,2140363,92306352.0000,4.139967,1,-0.046545,74.611796,7.211085,13.081005,18.101684,0
2016-09-12,sh.603339,41.8800000000,44.2200000000,41.5000000000,42.7100000000,42.9500000000,3297791,141598764.0000,6.378706,1,-0.558793,74.194873,7.170790,13.007910,18.000534,0
2016-09-13,sh.603339,42.7000000000,43.3000000000,42.1400000000,42.4100000000,42.7100000000,1712069,72717176.0000,3.311545,1,-0.702410,73.673720,7.120422,12.916541,17.874096,0
2016-09-14,sh.603339,42.0800000000,42.8700000000,41.9100000000,42.2400000000,42.4100000000,1536984,65203140.0000,2.972890,1,-0.400844,73.378399,7.091879,12.864765,17.802448,0
2016-09-19,sh.603339,42.6400000000,42.7600000000,41.9000000000,42.3900000000,42.2400000000,1474944,62304000.0000,2.852890,1,0.355108,73.638976,7.117064,12.910450,17.865667,0
2016-09-20,sh.603339,42.4100000000,43.2700000000,42.1000000000,43.2600000000,42.3900000000,3194461,136885600.0000,6.178841,1,2.052368,75.150321,7.263132,13.175420,18.232337,0
2016-09-21,sh.603339,43.2800000000,45.5800000000,43.2600000000,44.8100000000,43.2600000000,7915463,352196864.0000,15.310373,1,3.582994,77.842947,7.523369,13.647494,18.885599,0
2016-09-22,sh.603339,44.6500000000,44.6500000000,43.7900000000,44.0800000000,44.8100000000,4523070,199418237.0000,8.748685,1,-1.629100,76.574807,7.400806,13.425162,18.577933,0
2016-09-23,sh.603339,43.8700000000,44.3800000000,42.3500000000,42.3700000000,44.0800000000,3797031,164386977.0000,7.344354,1,-3.879317,73.604232,7.113706,12.904359,17.857238,0
2016-09-26,sh.603339,42.0100000000,42.0100000000,38.6100000000,38.9200000000,42.3700000000,5014391,200803781.0000,9.699015,1,-8.142555,67.610968,6.534468,11.853614,16.403202,0
2016-09-27,sh.603339,39.1000000000,39.2000000000,38.1100000000,38.9700000000,38.9200000000,2691539,104095358.0000,5.206072,1,0.128476,67.697827,6.542863,11.868842,16.424275,0
2016-09-28,sh.603339,38.9500000000,38.9500000000,38.3800000000,38.4200000000,38.9700000000,1529698,58905301.0000,2.958797,1,-1.411350,66.742379,6.450521,11.701333,16.192473,0
2016-09-29,sh.603339,38.4200000000,38.6800000000,38.3100000000,38.3400000000,38.4200000000,1597617,61435236.0000,3.090168,1,-0.208220,66.603405,6.437089,11.676967,16.158756,0
2016-09-30,sh.603339,38.3800000000,38.5000000000,38.0500000000,38.1200000000,38.3400000000,1455449,55616711.0000,2.815182,1,-0.573816,66.221226,6.400153,11.609963,16.066035,0
2016-10-10,sh.603339,38.4900000000,39.4500000000,38.3100000000,39.3400000000,38.1200000000,2365430,92333392.0000,4.575300,1,3.200423,68.340583,6.604984,11.981531,16.580215,0
2016-10-11,sh.603339,39.6000000000,39.7400000000,39.1700000000,39.5600000000,39.3400000000,2144531,84754611.0000,4.148029,1,0.559230,68.722762,6.641921,12.048535,16.672936,0
2016-10-12,sh.603339,39.5000000000,40.8900000000,39.3100000000,40.3800000000,39.5600000000,3137815,126579900.0000,6.069275,1,2.072800,70.147248,6.779595,12.298277,17.018533,0
2016-10-13,sh.603339,40.3000000000,40.9400000000,40.0600000000,40.1200000000,40.3800000000,2272399,91989494.0000,4.395356,1,-0.643888,69.695582,6.735942,12.219091,16.908954,0
2016-10-14,sh.603339,39.9700000000,40.0800000000,39.4000000000,39.6400000000,40.1200000000,1769756,70068426.0000,3.423126,1,-1.196410,68.861736,6.655353,12.072900,16.706653,0
2016-10-17,sh.603339,40.0000000000,40.1500000000,38.6500000000,38.8400000000,39.6400000000,1984953,78406611.0000,3.839368,1,-2.018162,67.471994,6.521037,11.829249,16.369486,0
2016-10-18,sh.603339,38.8500000000,39.8500000000,38.8000000000,39.7600000000,38.8400000000,2069535,81498237.0000,4.002969,1,2.368687,69.070198,6.675500,12.109448,16.757228,0
2016-10-19,sh.603339,40.1000000000,40.4000000000,39.4600000000,40.0700000000,39.7600000000,2687265,107435191.0000,5.197805,1,0.779682,69.608723,6.727548,12.203862,16.887881,0
2016-10-20,sh.603339,39.9000000000,40.4000000000,39.7800000000,39.8800000000,40.0700000000,2221852,88964739.0000,4.297586,1,-0.474167,69.278659,6.695648,12.145995,16.807804,0
2016-10-21,sh.603339,39.9800000000,39.9800000000,39.0000000000,39.6100000000,39.8800000000,2748209,108382476.0000,5.315685,1,-0.677032,68.809621,6.650316,12.063763,16.694009,0
2016-10-24,sh.603339,39.5600000000,40.4000000000,39.2000000000,40.3200000000,39.6100000000,3223594,128706355.0000,6.235191,1,1.792474,70.043018,6.769521,12.280003,16.993246,0
2016-10-25,sh.603339,40.3800000000,41.2800000000,40.1400000000,40.8100000000,40.3200000000,3990809,162514507.0000,7.719166,1,1.215282,70.894235,6.851790,12.429239,17.199761,0
2016-10-26,sh.603339,40.5500000000,40.6000000000,39.8200000000,40.0100000000,40.8100000000,2878811,115488549.0000,5.568300,1,-1.960311,69.504492,6.717474,12.185589,16.862593,0
2016-10-27,sh.603339,39.8800000000,40.4900000000,39.6500000000,40.2500000000,40.0100000000,2341815,94103995.0000,4.529623,1,0.599854,72.247392,6.582667,12.924171,15.327047,0
2016-10-28,sh.603339,40.1600000000,40.7400000000,39.9500000000,40.4900000000,40.2500000000,3480002,140415691.0000,6.731145,1,0.596278,72.678184,6.621918,13.001234,15.418438,0
2016-10-31,sh.603339,40.3800000000,40.3800000000,39.5900000000,39.7400000000,40.4900000000,2307450,91869528.0000,4.463153,1,-1.852309,71.331959,6.499259,12.760411,15.132841,0
2016-11-01,sh.603339,39.7600000000,41.4700000000,39.6100000000,41.2700000000,39.7400000000,5381976,219678306.0000,10.410012,1,3.850022,74.078258,6.749482,13.251690,15.715459,0
2016-11-02,sh.603339,41.0000000000,42.8800000000,40.7800000000,41.6400000000,41.2700000000,7564749,318166576.0000,14.632010,1,0.896532,74.742395,6.809994,13.370496,15.856354,0
2016-11-03,sh.603339,41.3900000000,45.8000000000,41.0100000000,45.8000000000,41.6400000000,5521158,248217543.0000,10.679222,1,9.990394,82.209455,7.490339,14.706261,17.440466,0
2016-11-04,sh.603339,50.3800000000,50.3800000000,50.3800000000,50.3800000000,45.8000000000,5298115,266919034.0000,10.247805,1,10.000000,90.430400,8.239373,16.176888,19.184513,0
2016-11-07,sh.603339,55.3800000000,55.3800000000,48.2400000000,49.6600000000,50.3800000000,22368812,1146904112.0000,43.266561,1,-1.429141,89.138025,8.121621,15.945698,18.910339,0
2016-11-08,sh.603339,49.1300000000,52.7000000000,48.9000000000,51.2800000000,49.6600000000,19777665,1001350352.0000,38.254671,1,3.262181,92.045870,8.386563,16.465875,19.527229,0
2016-11-09,sh.603339,50.0700000000,50.9700000000,48.4800000000,49.9100000000,51.2800000000,13865705,692789216.0000,26.819545,1,-2.671605,89.586766,8.162507,16.025972,19.005539,0
2016-11-10,sh.603339,50.1800000000,52.5900000000,49.6100000000,51.3100000000,49.9100000000,15188402,776843344.0000,29.377954,1,2.805052,92.099719,8.391469,16.475508,19.538653,0
2016-11-11,sh.603339,50.2900000000,51.1100000000,49.1000000000,49.2400000000,51.3100000000,10988473,548911904.0000,21.254300,1,-4.034300,88.384139,8.052932,15.810837,18.750405,0
2016-11-14,sh.603339,48.8000000000,49.5000000000,47.0000000000,47.5700000000,49.2400000000,8071887,388249136.0000,15.612934,1,-3.391555,85.386545,7.779813,15.274604,18.114475,0
2016-11-15,sh.603339,47.9300000000,48.3600000000,46.8400000000,47.2900000000,47.5700000000,5399067,255243069.0000,10.443070,1,-0.588604,84.883955,7.734020,15.184697,18.007852,0
2016-11-16,sh.603339,47.4400000000,48.2500000000,47.0100000000,48.0300000000,47.2900000000,6267981,299269488.0000,12.123754,1,1.564808,86.212230,7.855043,15.422309,18.289642,0
2016-11-17,sh.603339,47.5000000000,47.9300000000,46.4000000000,46.4200000000,48.0300000000,4472369,209104388.0000,8.650617,1,-3.352073,83.322334,7.591737,14.905342,17.676560,0
2016-11-18,sh.603339,46.8000000000,48.8000000000,46.7000000000,47.4800000000,46.4200000000,6166678,295358832.0000,11.927810,1,2.283502,85.224998,7.765094,15.245705,18.080204,0
2016-11-21,sh.603339,46.6600000000,49.4500000000,46.5800000000,49.4300000000,47.4800000000,9395603,456361360.0000,18.173313,1,4.106994,88.725182,8.084006,15.871845,18.822756,0
2016-11-22,sh.603339,49.7300000000,49.8300000000,48.3100000000,48.9200000000,49.4300000000,6196746,302811456.0000,11.985969,1,-1.031766,87.809750,8.000598,15.708085,18.628550,0
2016-11-23,sh.603339,48.6600000000,48.6800000000,46.8000000000,47.0500000000,48.9200000000,5082856,242382990.0000,9.831443,1,-3.822566,84.453163,7.694770,15.107633,17.916461,0
2016-11-24,sh.603339,47.0500000000,47.8900000000,46.2100000000,46.3200000000,47.0500000000,3283694,154217054.0000,6.351439,1,-1.551540,83.142837,7.575382,14.873232,17.638480,0
2016-11-25,sh.603339,46.0000000000,46.5500000000,44.0600000000,45.5600000000,46.3200000000,3607974,163136161.0000,6.978673,1,-1.640756,81.778663,7.451088,14.629198,17.349075,0
2016-11-28,sh.603339,45.4900000000,46.2200000000,45.0100000000,45.8100000000,45.5600000000,2394205,109116919.0000,4.630957,1,0.548727,82.227405,7.491974,14.709472,17.444274,0
2016-11-29,sh.603339,45.8300000000,45.8500000000,44.0000000000,44.0100000000,45.8100000000,3151862,140811609.0000,6.096445,1,-3.929280,78.996465,7.197594,14.131497,16.758841,0
2016-11-30,sh.603339,43.7000000000,44.4800000000,43.4300000000,44.0900000000,44.0100000000,2209404,97287598.0000,4.273509,1,0.181781,79.140063,7.210678,14.157185,16.789305,0
2016-12-01,sh.603339,44.1500000000,44.9500000000,43.6000000000,44.7800000000,44.0900000000,2143854,95164859.0000,4.146720,1,1.564978,80.378589,7.323524,14.378742,17.052054,0
2016-12-02,sh.603339,44.7800000000,44.9700000000,42.3800000000,42.4600000000,44.7800000000,3343569,145195631.0000,6.467251,1,-5.180884,76.214268,6.944100,13.633796,16.168607,0
2016-12-05,sh.603339,42.3000000000,42.7000000000,41.2700000000,41.5800000000,42.4600000000,2621910,109583644.0000,5.071393,1,-2.072532,74.634697,6.800181,13.351230,15.833506,0
2016-12-06,sh.603339,41.7800000000,42.1600000000,41.5800000000,41.8700000000,41.5800000000,1707251,71553764.0000,3.302226,1,0.697444,75.155238,6.847609,13.444349,15.943937,0
2016-12-07,sh.603339,42.2500000000,42.6700000000,41.8500000000,42.5300000000,41.8700000000,1965426,83064349.0000,3.801598,1,1.576307,76.339915,6.955548,13.656273,16.195263,0
2016-12-08,sh.603339,42.7000000000,43.2800000000,41.8000000000,41.8300000000,42.5300000000,2321684,98798962.0000,4.490685,1,-1.645890,75.083439,6.841067,13.431505,15.928705,0
2016-12-09,sh.603339,41.5500000000,41.8000000000,40.5900000000,40.7800000000,41.8300000000,2293812,94399874.0000,4.436774,1,-2.510167,73.198724,6.669345,13.094352,15.528869,0
2016-12-12,sh.603339,40.4100000000,41.1900000000,37.2000000000,37.5200000000,40.7800000000,3184495,124857252.0000,6.159565,1,-7.994111,67.347134,6.136190,12.047575,14.287474,0
2016-12-13,sh.603339,37.5300000000,38.0000000000,36.4800000000,37.7700000000,37.5200000000,2543646,94990142.0000,4.920012,1,0.666311,67.795876,6.177076,12.127849,14.382673,0
2016-12-14,sh.603339,37.9000000000,37.9900000000,36.9400000000,37.0200000000,37.7700000000,1852540,69192268.0000,3.583250,1,-1.985703,66.449651,6.054418,11.887026,14.097075,0
2016-12-15,sh.603339,36.9100000000,37.9700000000,36.6500000000,37.5500000000,37.0200000000,1953246,73391847.0000,3.778039,1,1.431655,67.400983,6.141097,12.057208,14.298897,0
2016-12-16,sh.603339,37.5600000000,38.4500000000,37.5000000000,38.3200000000,37.5500000000,2281640,86902194.0000,4.413230,1,2.050600,68.783107,6.267026,12.304453,14.592111,0
2016-12-19,sh.603339,38.5000000000,38.5000000000,37.3700000000,37.8100000000,38.3200000000,1863466,70455490.0000,3.604383,1,-1.330893,67.867674,6.183618,12.140693,14.397904,0
2016-12-20,sh.603339,37.8000000000,38.1000000000,37.5000000000,37.9400000000,37.8100000000,1212331,45893316.0000,2.344934,1,0.343817,68.101020,6.204879,12.182436,14.447408,0
2016-12-21,sh.603339,37.9800000000,39.5000000000,37.9400000000,39.2600000000,37.9400000000,3005830,116330873.0000,5.813985,1,3.479177,70.470376,6.420758,12.606284,14.950059,0
2016-12-22,sh.603339,39.4800000000,39.4800000000,38.4600000000,38.8400000000,39.2600000000,2033024,78993803.0000,3.932348,1,-1.069787,69.716490,6.352069,12.471424,14.790125,0
2016-12-23,sh.603339,38.8300000000,38.9700000000,37.5000000000,37.6100000000,38.8400000000,2129187,81368140.0000,4.118350,1,-3.166837,67.508681,6.150909,12.076474,14.321745,0
2016-12-26,sh.603339,37.1000000000,38.5000000000,36.6300000000,38.4200000000,37.6100000000,1859100,69997744.0000,3.595938,1,2.153676,68.962604,6.283380,12.336563,14.630190,0
2016-12-27,sh.603339,38.1300000000,38.4500000000,37.8000000000,37.9200000000,38.4200000000,1122237,42802484.0000,2.170671,1,-1.301406,68.065121,6.201608,12.176014,14.439792,0
2016-12-28,sh.603339,37.8000000000,38.4200000000,37.6300000000,37.8000000000,37.9200000000,1052222,40059735.0000,2.035246,1,-0.316453,67.849725,6.181983,12.137482,14.394097,0
2016-12-29,sh.603339,37.8100000000,38.2200000000,37.6000000000,37.7400000000,37.8000000000,1051357,39854755.0000,2.033573,1,-0.158724,67.742027,6.172170,12.118216,14.371249,0
2016-12-30,sh.603339,37.6100000000,37.9800000000,37.2100000000,37.2800000000,37.7400000000,1048918,39302097.0000,2.028855,1,-1.218874,66.916342,6.096940,11.970512,14.196082,0
2017-01-03,sh.603339,37.0000000000,37.8900000000,37.0000000000,37.8300000000,37.2800000000,908614,34226742.0000,1.757474,1,1.475330,67.903574,6.186889,12.147115,14.405520,0
2017-01-04,sh.603339,37.8400000000,38.1000000000,37.4700000000,37.9900000000,37.8300000000,1505914,57106924.0000,2.912793,1,0.422944,68.190768,6.213056,12.198491,14.466448,0
2017-01-05,sh.603339,38.1000000000,38.1300000000,37.7500000000,37.7600000000,37.9900000000,1125648,42720079.0000,2.177269,1,-0.605431,67.777926,6.175441,12.124638,14.378865,0
2017-01-06,sh.603339,37.7000000000,37.7000000000,36.6000000000,36.7000000000,37.7600000000,2102363,77829438.0000,4.066466,1,-2.807197,65.875262,6.002084,11.784275,13.975221,0
2017-01-09,sh.603339,36.7900000000,36.9700000000,36.5800000000,36.9000000000,36.7000000000,981769,36151989.0000,1.898973,1,0.544961,66.234255,6.034793,11.848495,14.051380,0
2017-01-10,sh.603339,36.9900000000,37.1900000000,36.6600000000,36.9200000000,36.9000000000,1039200,38387912.0000,2.010058,1,0.054191,66.270155,6.038064,11.854916,14.058996,0
2017-01-11,sh.603339,36.9000000000,36.9200000000,35.0800000000,35.1900000000,36.9200000000,2261233,81256536.0000,4.373758,1,-4.685806,63.164863,5.755132,11.299418,13.400218,0
2017-01-12,sh.603339,35.0100000000,35.6900000000,33.9000000000,34.1800000000,35.1900000000,2035927,70556986.0000,3.937963,1,-2.870129,61.351947,5.589952,10.975110,13.015614,0
2017-01-13,sh.603339,33.8900000000,34.1800000000,32.3300000000,32.5100000000,34.1800000000,2191020,72342987.0000,4.237950,1,-4.885904,58.354353,5.316832,10.438877,12.379685,0
2017-01-16,sh.603339,31.8000000000,32.5000000000,29.2600000000,29.6600000000,32.5100000000,2696271,82013484.0000,5.215224,1,-8.766529,53.238699,4.850730,9.523749,11.294415,0
2017-01-17,sh.603339,29.2500000000,30.8400000000,28.5300000000,30.2800000000,29.6600000000,2299250,68271835.0000,4.447292,1,2.090360,54.351579,4.952128,9.722830,11.530509,0
2017-01-18,sh.603339,30.0000000000,30.2500000000,29.4500000000,29.5400000000,30.2800000000,1261239,37572035.0000,2.439534,1,-2.443856,53.023303,4.831105,9.485218,11.248720,0
2017-01-19,sh.603339,29.5900000000,30.3700000000,29.0200000000,29.9500000000,29.5400000000,1456365,43468375.0000,2.816954,1,1.387948,53.759240,4.898158,9.616868,11.404846,0
2017-01-20,sh.603339,30.0000000000,30.6900000000,29.5000000000,30.4400000000,29.9500000000,1603045,48787030.0000,3.100667,1,1.636059,54.638773,4.978295,9.774205,11.591436,0
2017-01-23,sh.603339,30.5800000000,30.9300000000,30.4000000000,30.6900000000,30.4400000000,1293786,39713649.0000,2.502487,1,0.821288,55.087515,5.019181,9.854480,11.686635,0
2017-01-24,sh.603339,30.6900000000,30.6900000000,29.8300000000,29.9400000000,30.6900000000,1250744,37632985.0000,2.419234,1,-2.443793,53.741290,4.896523,9.613657,11.401038,0
2017-01-25,sh.603339,30.0500000000,30.5000000000,29.4100000000,30.4000000000,29.9400000000,1035725,31344260.0000,2.003337,1,1.536403,54.566974,4.971753,9.761361,11.576205,0
2017-01-26,sh.603339,30.4500000000,30.8800000000,30.4100000000,30.5200000000,30.4000000000,955146,29187790.0000,1.847478,1,0.394740,54.782370,4.991379,9.799893,11.621900,0
2017-02-03,sh.603339,30.6900000000,30.9500000000,30.5000000000,30.5200000000,30.5200000000,1006731,30924417.0000,1.947255,1,0.000000,54.782370,4.991379,9.799893,11.621900,0
2017-02-06,sh.603339,30.5600000000,31.6800000000,30.2100000000,31.5100000000,30.5200000000,2048169,63610940.0000,3.961642,1,3.243774,56.559387,5.153288,10.117779,11.998888,0
2017-02-07,sh.603339,31.3400000000,31.4600000000,30.8100000000,31.0700000000,31.5100000000,1529212,47526849.0000,2.957857,1,-1.396384,55.769602,5.081328,9.976497,11.831338,0
2017-02-08,sh.603339,31.0800000000,31.6000000000,30.9800000000,31.5000000000,31.0700000000,1744512,54669179.0000,3.374298,1,1.383973,56.541437,5.151652,10.114568,11.995080,0
2017-02-09,sh.603339,31.5000000000,33.9600000000,31.5000000000,32.7600000000,31.5000000000,3684859,121494512.0000,7.127387,1,3.999995,58.803095,5.357718,10.519151,12.474884,0
2017-02-10,sh.603339,32.6900000000,32.9000000000,32.1000000000,32.2400000000,32.7600000000,1807029,58484313.0000,3.495221,1,-1.587291,57.869712,5.272675,10.352181,12.276870,0
2017-02-13,sh.603339,32.0600000000,32.9700000000,31.9900000000,32.5800000000,32.2400000000,1634887,53358158.0000,3.162257,1,1.054591,58.480001,5.328280,10.461354,12.406340,0
2017-02-14,sh.603339,32.4500000000,32.7800000000,32.3000000000,32.5300000000,32.5800000000,1400496,45575611.0000,2.708890,1,-0.153478,58.390253,5.320103,10.445299,12.387301,0
2017-02-15,sh.603339,32.6600000000,32.8500000000,32.3400000000,32.4200000000,32.5300000000,1782974,58089347.0000,3.448692,1,-0.338151,58.192806,5.302113,10.409978,12.345413,0
2017-02-16,sh.603339,32.4200000000,32.4500000000,31.7900000000,32.0200000000,32.4200000000,1516693,48549467.0000,2.933642,1,-1.233799,57.474820,5.236695,10.281539,12.193094,0
2017-02-17,sh.603339,32.1500000000,32.3600000000,31.4500000000,31.5300000000,32.0200000000,1467035,46679911.0000,2.837592,1,-1.530293,56.595286,5.156559,10.124201,12.006504,0
2017-02-20,sh.603339,31.5300000000,31.5300000000,31.5300000000,31.5300000000,31.5300000000,0,0.0000,,0,0.000000,56.595286,5.156559,10.124201,12.006504,0
2017-02-21,sh.603339,31.6900000000,32.5000000000,31.6900000000,32.2000000000,31.5300000000,1746130,55995505.0000,3.377427,1,2.124960,57.797914,5.266134,10.339337,12.261638,0
2017-02-22,sh.603339,32.3400000000,33.5000000000,31.6900000000,32.9900000000,32.2000000000,2793221,90874785.0000,5.402749,1,2.453419,59.215937,5.395334,10.593004,12.562467,0
2017-02-23,sh.603339,32.9300000000,33.4700000000,32.3500000000,33.0000000000,32.9900000000,2487432,81876469.0000,4.811280,1,0.030307,59.233887,5.396969,10.596215,12.566275,0
2017-02-24,sh.603339,33.1600000000,34.1300000000,32.8000000000,33.6900000000,33.0000000000,3231186,108439196.0000,6.249876,1,2.090905,60.472413,5.509815,10.817772,12.829024,0
2017-02-27,sh.603339,33.7000000000,33.7500000000,32.9300000000,32.9700000000,33.6900000000,2144166,71356551.0000,4.147323,1,-2.137125,59.180038,5.392063,10.586582,12.554851,0
2017-02-28,sh.603339,32.8500000000,33.5000000000,32.8000000000,33.2900000000,32.9700000000,1612507,53468040.0000,3.118969,1,0.970578,59.754427,5.444397,10.689333,12.676706,0
2017-03-01,sh.603339,33.3800000000,33.3800000000,32.7300000000,32.7600000000,33.2900000000,2041526,67256350.0000,3.948793,1,-1.592077,58.803095,5.357718,10.519151,12.474884,0
2017-03-02,sh.603339,32.9400000000,32.9800000000,32.2600000000,32.3500000000,32.7600000000,1555028,50685624.0000,3.007791,1,-1.251526,58.067159,5.290665,10.387501,12.318757,0
2017-03-03,sh.603339,32.1000000000,32.5500000000,31.7700000000,32.3700000000,32.3500000000,1392969,44755733.0000,2.694331,1,0.061825,58.103058,5.293936,10.393923,12.326373,0
2017-03-06,sh.603339,32.4900000000,33.4400000000,32.3600000000,33.3400000000,32.3700000000,2720455,90081908.0000,5.262002,1,2.996606,59.844175,5.452574,10.705388,12.695745,0
2017-03-07,sh.603339,33.5000000000,34.2400000000,33.0700000000,34.0600000000,33.3400000000,3567547,120078013.0000,6.900478,1,2.159572,61.136551,5.570326,10.936578,12.969919,0
2017-03-08,sh.603339,34.0000000000,34.0000000000,33.2200000000,33.5400000000,34.0600000000,2502216,84125799.0000,4.839876,1,-1.526719,60.203169,5.485283,10.769607,12.771905,0
2017-03-09,sh.603339,33.4000000000,33.9000000000,32.8800000000,33.2300000000,33.5400000000,1562804,52053939.0000,3.022832,1,-0.924274,59.646729,5.434584,10.670067,12.653858,0
2017-03-10,sh.603339,33.2000000000,34.1400000000,33.0200000000,33.9500000000,33.2300000000,2974631,100385677.0000,5.753638,1,2.166720,60.939105,5.552336,10.901257,12.928031,0
2017-03-13,sh.603339,34.0700000000,34.3800000000,33.3500000000,34.3200000000,33.9500000000,2712191,91965715.0000,5.246017,1,1.089835,61.603242,5.612848,11.020063,13.068926,0
2017-03-14,sh.603339,34.4600000000,36.4800000000,33.8500000000,36.2700000000,34.3200000000,7037971,247551622.0000,13.613097,1,5.681820,65.103426,5.931760,11.646203,13.811478,0
2017-03-15,sh.603339,35.6200000000,36.9100000000,35.3200000000,36.1900000000,36.2700000000,5128034,185244548.0000,9.918828,1,-0.220573,64.959829,5.918676,11.620515,13.781015,0
2017-03-16,sh.603339,36.0000000000,37.4600000000,35.9000000000,37.2000000000,36.1900000000,4975683,183227642.0000,9.624145,1,2.790832,66.772745,6.083856,11.944824,14.165619,0
2017-03-17,sh.603339,37.2800000000,38.4800000000,36.6700000000,37.6300000000,37.2000000000,8473440,320631088.0000,16.389632,1,1.155915,67.544581,6.154180,12.082896,14.329361,0
2017-03-20,sh.603339,37.5600000000,38.3400000000,36.7000000000,37.0700000000,37.6300000000,4135601,155049661.0000,7.999228,1,-1.488178,66.539399,6.062595,11.903081,14.116115,0
2017-03-21,sh.603339,36.6000000000,36.8800000000,35.8800000000,36.4400000000,37.0700000000,3292795,119520997.0000,6.369043,1,-1.699490,65.408571,5.959562,11.700790,13.876214,0
2017-03-22,sh.603339,36.3400000000,37.2000000000,35.8600000000,37.0400000000,36.4400000000,3279967,119697448.0000,6.344230,1,1.646549,66.485550,6.057689,11.893448,14.104691,0
2017-03-23,sh.603339,37.0400000000,37.3300000000,35.0000000000,36.9400000000,37.0400000000,2981582,109400248.0000,5.767083,1,-0.269985,66.306054,6.041335,11.861338,14.066612,0
2017-03-24,sh.603339,36.6700000000,37.1000000000,36.2100000000,36.2500000000,36.9400000000,1727887,63135824.0000,3.342141,1,-1.867890,65.067527,5.928489,11.639781,13.803862,0
2017-03-27,sh.603339,36.2600000000,36.3100000000,35.3500000000,35.5800000000,36.2500000000,1885524,67249461.0000,3.647048,1,-1.848271,63.864900,5.818914,11.424646,13.548729,0
2017-03-28,sh.603339,35.6000000000,36.0400000000,34.7800000000,34.8900000000,35.5800000000,1669442,59089121.0000,3.229095,1,-1.939299,62.626373,5.706068,11.203089,13.285980,0
2017-03-29,sh.603339,34.8900000000,35.3400000000,33.2000000000,33.2500000000,34.8900000000,2870040,97279994.0000,5.551335,1,-4.700486,59.682628,5.437855,10.676489,12.661474,0
2017-03-30,sh.603339,32.7700000000,33.1400000000,30.7000000000,30.8200000000,33.2500000000,3073859,98212840.0000,5.945569,1,-7.308271,55.320860,5.040442,9.896222,11.736139,0
2017-03-31,sh.603339,31.2000000000,31.7200000000,30.2400000000,31.3700000000,30.8200000000,3873389,119609775.0000,7.492048,1,1.784559,56.308092,5.130392,10.072826,11.945577,0
2017-04-05,sh.603339,31.2000000000,32.2000000000,31.1200000000,31.7800000000,31.3700000000,2287807,72804653.0000,4.425159,1,1.306981,57.044028,5.197445,10.204476,12.101703,0
2017-04-06,sh.603339,31.8000000000,32.1800000000,31.6200000000,31.8400000000,31.7800000000,1683847,53786064.0000,3.256957,1,0.188796,57.151726,5.207257,10.223742,12.124551,0
2017-04-07,sh.603339,32.0200000000,32.0200000000,31.4100000000,31.6900000000,31.8400000000,1311359,41552030.0000,2.536478,1,-0.471104,56.882481,5.182726,10.175577,12.067432,0
2017-04-10,sh.603339,31.2800000000,31.6000000000,30.0400000000,30.1700000000,31.6900000000,2437300,74617812.0000,4.714313,1,-4.796467,54.154132,4.934138,9.687509,11.488621,0
2017-04-11,sh.603339,30.1600000000,30.8700000000,30.0100000000,30.8000000000,30.1700000000,1607672,48834545.0000,3.109617,1,2.088164,55.284961,5.037171,9.889800,11.728523,0
2017-04-12,sh.603339,30.5900000000,30.6800000000,30.1700000000,30.2200000000,30.8000000000,1124117,34109184.0000,2.174308,1,-1.883117,54.243881,4.942315,9.703564,11.507661,0
2017-04-13,sh.603339,30.1700000000,30.7400000000,30.1000000000,30.2700000000,30.2200000000,825142,25097797.0000,1.596019,1,0.165457,54.333629,4.950493,9.719619,11.526701,0
2017-04-14,sh.603339,30.2500000000,30.2500000000,28.5900000000,28.9800000000,30.2700000000,2620034,76733509.0000,5.067764,1,-4.261648,52.018122,4.739520,9.305403,11.035474,0
2017-04-17,sh.603339,28.6200000000,31.2800000000,28.1800000000,30.1000000000,28.9800000000,3679253,109330172.0000,7.116544,1,3.864737,54.028485,4.922690,9.665032,11.461966,0
2017-04-18,sh.603339,30.1100000000,30.4800000000,29.0000000000,29.4200000000,30.1000000000,2639608,78852114.0000,5.105625,1,-2.259137,52.807908,4.811480,9.446686,11.203024,0
2017-04-19,sh.603339,29.4100000000,29.4500000000,28.2400000000,29.1500000000,29.4200000000,1972307,56882332.0000,3.814907,1,-0.917744,52.323267,4.767323,9.359990,11.100209,0
2017-04-20,sh.603339,29.1400000000,29.3600000000,28.0300000000,28.4100000000,29.1500000000,1802437,51557482.0000,3.486338,1,-2.538593,47.211829,4.483382,8.693764,9.893101,0
2017-04-21,sh.603339,28.8000000000,29.8500000000,28.5000000000,29.3100000000,28.4100000000,2465760,72354364.0000,4.769362,1,3.167897,44.393229,4.488203,8.333454,14.396209,0
2017-04-24,sh.603339,29.9800000000,30.7900000000,29.4100000000,29.5700000000,29.3100000000,3541859,106441437.0000,6.850791,1,0.887070,44.787027,4.528016,8.407378,14.523913,0
2017-04-25,sh.603339,29.1500000000,30.2500000000,29.0300000000,29.7400000000,29.5700000000,2411314,71715559.0000,4.664050,1,0.574907,45.044511,4.554048,8.455712,14.607412,0
2017-04-26,sh.603339,29.7800000000,30.5900000000,29.5400000000,30.4400000000,29.7400000000,2917684,88457732.0000,5.643489,1,2.353735,46.873058,4.738916,8.798965,15.200389,0
2017-04-27,sh.603339,30.2200000000,31.8000000000,30.0000000000,31.4900000000,30.4400000000,4607933,142748212.0000,8.912830,1,3.449406,48.489901,4.902380,9.102477,15.724712,0
2017-04-28,sh.603339,31.2000000000,31.6800000000,30.8900000000,31.3600000000,31.4900000000,2523826,78840183.0000,4.881675,1,-0.412827,48.289721,4.882142,9.064900,15.659796,0
2017-05-02,sh.603339,31.3600000000,31.3700000000,30.5100000000,30.6700000000,31.3600000000,2390731,73885281.0000,4.624238,1,-2.200257,47.227224,4.774722,8.865449,15.315241,0
2017-05-03,sh.603339,30.4800000000,30.9400000000,30.2200000000,30.9300000000,30.6700000000,2144696,65625243.0000,4.148348,1,0.847735,47.627585,4.815199,8.940604,15.445073,0
2017-05-04,sh.603339,30.9600000000,30.9600000000,30.0200000000,30.1400000000,30.9300000000,1883727,57475062.0000,3.643573,1,-2.554157,46.411103,4.692212,8.712247,15.050582,0
2017-05-05,sh.603339,29.8800000000,30.3900000000,29.2900000000,29.3400000000,30.1400000000,2042646,60813031.0000,3.950959,1,-2.654278,45.179222,4.567667,8.481000,14.651098,0
2017-05-08,sh.603339,29.3500000000,29.8400000000,28.6100000000,28.6700000000,29.3400000000,1378424,39940103.0000,2.666197,1,-2.283572,44.147522,4.463361,8.287330,14.316529,0
2017-05-09,sh.603339,28.6900000000,29.3900000000,28.4700000000,29.2900000000,28.6700000000,1242996,36088997.0000,2.404248,1,2.162542,45.102229,4.559883,8.466547,14.626130,0
2017-05-10,sh.603339,29.2000000000,29.6500000000,28.7200000000,28.9100000000,29.2900000000,1353531,39552893.0000,2.618048,1,-1.297375,44.517086,4.500725,8.356704,14.436375,0
2017-05-11,sh.603339,28.5000000000,29.0000000000,27.5500000000,28.6500000000,28.9100000000,1885552,53262744.0000,3.647103,1,-0.899344,44.116725,4.460248,8.281549,14.306542,0
2017-05-12,sh.603339,28.4000000000,28.8800000000,27.8600000000,28.0300000000,28.6500000000,1612539,45542704.0000,3.119031,1,-2.164045,43.162018,4.363726,8.102332,13.996942,0
2017-05-15,sh.603339,27.8900000000,27.8900000000,25.3100000000,25.3900000000,28.0300000000,4532097,119393057.0000,8.766145,1,-9.418485,39.096811,3.952729,7.339216,12.678642,0
2017-05-16,sh.603339,25.1000000000,26.0200000000,24.4000000000,25.8500000000,25.3900000000,3367512,84313988.0000,6.513563,1,1.811741,39.805143,4.024342,7.472183,12.908346,0
2017-05-17,sh.603339,25.6000000000,26.2300000000,25.4100000000,26.0500000000,25.8500000000,2345659,60876238.0000,4.537058,1,0.773690,40.113113,4.055478,7.529995,13.008217,0
2017-05-18,sh.603339,25.6100000000,26.1400000000,25.4000000000,25.8000000000,26.0500000000,1544546,39970994.0000,2.987516,1,-0.959693,39.728150,4.016558,7.457730,12.883378,0
2017-05-19,sh.603339,26.0200000000,27.6700000000,25.7000000000,26.8200000000,25.8000000000,3267498,87621035.0000,5.752637,1,3.953490,41.298798,4.175352,7.752571,13.392721,0
2017-05-22,sh.603339,26.9000000000,27.0000000000,25.0300000000,25.2400000000,26.8200000000,2555154,66544826.0000,4.498511,1,-5.891126,38.865834,3.929377,7.295857,12.603739,0
2017-05-23,sh.603339,25.0000000000,25.5000000000,24.5900000000,24.6100000000,25.2400000000,1722548,43015359.0000,3.032655,1,-2.496035,37.895728,3.831298,7.113749,12.289145,0
2017-05-24,sh.603339,24.2000000000,24.9700000000,24.1000000000,24.9300000000,24.6100000000,1359437,33551042.0000,2.393375,1,1.300283,38.388480,3.881116,7.206248,12.448939,0
2017-05-25,sh.603339,25.0000000000,25.1000000000,24.2300000000,24.9400000000,24.9300000000,1680594,41523557.0000,2.958792,1,0.040113,38.403879,3.882673,7.209139,12.453932,0
2017-05-26,sh.603339,24.9000000000,25.4500000000,24.8100000000,25.0300000000,24.9400000000,1689088,42310153.0000,2.973746,1,0.360867,38.542465,3.896684,7.235154,12.498874,0
2017-05-31,sh.603339,25.7600000000,26.2800000000,25.3100000000,25.4700000000,25.0300000000,2332533,60104289.0000,4.106572,1,1.757885,39.219999,3.965184,7.362340,12.718591,0
2017-06-01,sh.603339,25.2000000000,25.3700000000,24.1300000000,24.1800000000,25.4700000000,1710100,42341251.0000,3.010739,1,-5.064778,37.233592,3.764356,6.989454,12.074422,0
2017-06-02,sh.603339,23.5000000000,24.8000000000,23.5000000000,24.6500000000,24.1800000000,1379005,33468088.0000,2.427826,1,1.943752,37.957322,3.837525,7.125312,12.309119,0
2017-06-05,sh.603339,24.8100000000,25.2000000000,24.8100000000,25.0000000000,24.6500000000,1305105,32625651.0000,2.297720,1,1.419880,38.496270,3.892014,7.226483,12.483894,0
2017-06-06,sh.603339,24.8600000000,25.0900000000,24.6500000000,25.0700000000,25.0000000000,919200,22940119.0000,1.618310,1,0.279999,38.604059,3.902911,7.246717,12.518849,0
2017-06-07,sh.603339,24.9800000000,25.8500000000,24.8700000000,25.7100000000,25.0700000000,2498223,63935149.0000,4.398280,1,2.552850,39.589564,4.002547,7.431715,12.838436,0
2017-06-08,sh.603339,25.8000000000,25.8800000000,25.3800000000,25.5100000000,25.7100000000,1748300,44793360.0000,3.077993,1,-0.777903,39.281594,3.971411,7.373903,12.738565,0
2017-06-09,sh.603339,25.5100000000,26.0500000000,25.3000000000,25.9900000000,25.5100000000,1812129,46669038.0000,3.190368,1,1.881613,40.020722,4.046137,7.512651,12.978256,0
2017-06-12,sh.603339,25.7000000000,25.8800000000,25.0000000000,25.0100000000,25.9900000000,1438891,36492472.0000,2.533259,1,-3.770679,38.511668,3.893570,7.229373,12.488887,0
2017-06-13,sh.603339,25.0100000000,25.8200000000,25.0100000000,25.5700000000,25.0100000000,1319441,33646095.0000,2.322960,1,2.239102,39.373985,3.980752,7.391246,12.768526,0
2017-06-14,sh.603339,25.5200000000,26.5700000000,25.3000000000,26.4400000000,25.5700000000,3159083,82535772.0000,5.561766,1,3.402428,40.713655,4.116194,7.642728,13.202966,0
2017-06-15,sh.603339,26.4000000000,27.3200000000,26.1500000000,27.1000000000,26.4400000000,3166245,85218403.0000,5.574375,1,2.496217,41.729956,4.218943,7.833507,13.532541,0
2017-06-16,sh.603339,27.0597196800,27.0899202600,26.3852400600,26.5060423800,27.0999871200,1974097,52259299.0000,3.475523,1,-2.191679,40.544271,4.099069,7.610931,13.148037,0
2017-06-19,sh.603339,26.3852400600,27.0295191000,26.3550394800,26.4959755200,26.5060423800,1143042,30070174.0000,2.012398,1,-0.037980,40.528873,4.097512,7.608041,13.143043,0
2017-06-20,sh.603339,26.7577138800,26.7577138800,26.2644377400,26.2845714600,26.4959755200,1233743,32420438.0000,2.172083,1,-0.797869,40.205504,4.064819,7.547338,13.038179,0
2017-06-21,sh.603339,26.2845714600,26.6671121400,26.0228331000,26.2342371600,26.2845714600,1330493,34753963.0000,2.342417,1,-0.191502,40.128511,4.057035,7.532885,13.013211,0
2017-06-22,sh.603339,26.1738360000,26.8483156200,26.0228331000,26.0530336800,26.2342371600,1814871,47600300.0000,3.195195,1,-0.690715,39.851338,4.029013,7.480855,12.923327,0
2017-06-23,sh.603339,26.0530336800,26.2745046000,25.2980191800,25.8516964800,26.0530336800,1803471,46139469.0000,3.175125,1,-0.772793,39.543368,3.997876,7.423043,12.823456,0
2017-06-26,sh.603339,25.8516964800,26.2745046000,25.6805598600,26.2241703000,25.8516964800,1217980,31536630.0000,2.144331,1,1.440806,40.113113,4.055478,7.529995,13.008217,0
2017-06-27,sh.603339,26.2342371600,26.5966441200,25.8416296200,26.0127662400,26.2241703000,1642750,42718650.0000,2.892165,1,-0.806139,39.789744,4.022785,7.469292,12.903352,0
2017-06-28,sh.603339,25.8919639200,26.2040365800,25.7510278800,25.8315627600,26.0127662400,1146981,29572785.0000,2.019333,1,-0.696596,39.512571,3.994763,7.417262,12.813468,0
2017-06-29,sh.603339,25.8416296200,26.1537022800,25.7409610200,25.9926325200,25.8315627600,946927,24413177.0000,1.667125,1,0.623538,39.758947,4.019672,7.463511,12.893365,0
2017-06-30,sh.603339,25.8718302000,26.1033679800,25.5698244000,26.0328999600,25.9926325200,945600,24337970.0000,1.664789,1,0.154922,39.820541,4.025899,7.475074,12.913340,0
2017-07-03,sh.603339,26.0731674000,26.4657749400,25.8315627600,26.4255075000,26.0328999600,1316105,34321788.0000,2.317086,1,1.508118,40.421083,4.086614,7.587807,13.108088,0
2017-07-04,sh.603339,26.3852400600,26.4758418000,26.0933011200,26.2342371600,26.4255075000,1363350,35497558.0000,2.400264,1,-0.723812,40.128511,4.057035,7.532885,13.013211,0
2017-07-05,sh.603339,26.3147720400,26.3852400600,26.0328999600,26.3751732000,26.2342371600,1751554,45666278.0000,3.083722,1,0.537227,40.344091,4.078830,7.573354,13.083121,0
2017-07-06,sh.603339,26.4154406400,26.6469784200,25.9020307800,26.0731674000,26.3751732000,2751055,71566005.0000,4.843407,1,-1.145042,39.882135,4.032126,7.486636,12.933314,0
2017-07-07,sh.603339,26.1637691400,26.4255075000,25.9825656600,26.3651063400,26.0731674000,2745350,71598459.0000,4.833363,1,1.119695,40.328692,4.077274,7.570463,13.078127,0
2017-07-10,sh.603339,26.3147720400,26.6167778400,25.8718302000,25.9422982200,26.3651063400,2445812,63760421.0000,4.306007,1,-1.603666,39.681955,4.011888,7.449058,12.868398,0
2017-07-11,sh.603339,25.9322313600,25.9322313600,25.1671500000,25.2074174400,25.9422982200,1985694,50506785.0000,3.495940,1,-2.832749,38.557864,3.898241,7.238045,12.503868,0
2017-07-12,sh.603339,25.1671500000,25.4188215000,24.4121355000,24.8651442000,25.2074174400,1791878,44193650.0000,3.154715,1,-1.357828,38.034314,3.845310,7.139765,12.334087,0
2017-07-13,sh.603339,24.9960133800,25.0765482600,24.6839407200,25.0161471000,24.8651442000,1052100,26032308.0000,1.852289,1,0.607286,38.265292,3.868662,7.183124,12.408990,0
2017-07-14,sh.603339,25.0866151200,25.0866151200,24.7644756000,24.9557459400,25.0161471000,781127,19329685.0000,1.375224,1,-0.241447,38.172901,3.859321,7.165780,12.379029,0
2017-07-17,sh.603339,24.8651442000,24.8651442000,22.5497664000,22.6705687200,24.9557459400,2144000,49773317.0000,3.774648,1,-9.156919,34.677440,3.505926,6.509616,11.245491,0
2017-07-18,sh.603339,22.6806355800,23.0531094000,22.4591646600,22.9323070800,22.6705687200,1118403,25320580.0000,1.969019,1,1.154530,35.077801,3.546403,6.584771,11.375324,0
2017-07-19,sh.603339,22.9423739400,23.4457169400,22.7712373200,23.2947140400,22.9323070800,1111400,25505957.0000,1.956690,1,1.580328,35.632147,3.602448,6.688832,11.555092,0
2017-07-20,sh.603339,23.3752489200,23.6973884400,23.1537780000,23.2947140400,23.2947140400,1139700,26535231.0000,2.006514,1,0.000000,35.632147,3.602448,6.688832,11.555092,0
2017-07-21,sh.603339,23.2947140400,23.4557838000,23.1638448600,23.3349814800,23.2947140400,762921,17636349.0000,1.343171,1,0.172865,35.693741,3.608675,6.700395,11.575066,0
2017-07-24,sh.603339,23.1638448600,23.5363186800,22.9625076600,23.4155163600,23.3349814800,1009250,23298277.0000,1.776849,1,0.345125,35.816929,3.621130,6.723519,11.615015,0
2017-07-25,sh.603339,23.5262518200,23.5262518200,23.1638448600,23.2544466000,23.4155163600,904151,20963456.0000,1.591815,1,-0.687875,35.570553,3.596221,6.677270,11.535118,0
2017-07-26,sh.603339,23.3551152000,23.3551152000,22.8618390600,23.0329756800,23.2544466000,878190,20125336.0000,1.546109,1,-0.952386,35.231786,3.561971,6.613677,11.425259,0
2017-07-27,sh.603339,23.0329756800,23.8181907600,22.9121733600,23.7175221600,23.0329756800,1732391,40536581.0000,3.049984,1,2.972029,36.278884,3.667834,6.810237,11.764821,0
2017-07-28,sh.603339,23.4457169400,23.7175221600,23.4457169400,23.6067867000,23.7175221600,904700,21187773.0000,1.592782,1,-0.466888,36.109501,3.650709,6.778441,11.709892,0
2017-07-31,sh.603339,23.6269204200,23.8181907600,23.5765861200,23.6873215800,23.6067867000,1095639,25819680.0000,1.928942,1,0.341151,36.232689,3.663163,6.801565,11.749841,0
2017-08-01,sh.603339,23.5564524000,23.7879901800,23.4557838000,23.6873215800,23.6873215800,1054786,24736598.0000,1.857018,1,0.000000,36.232689,3.663163,6.801565,11.749841,0
2017-08-02,sh.603339,23.5564524000,23.7275890200,23.1638448600,23.1839785800,23.6873215800,1196000,27800591.0000,2.105634,1,-2.124947,35.462764,3.585323,6.657036,11.500163,0
2017-08-03,sh.603339,23.1638448600,23.6571210000,23.0128419600,23.3953826400,23.1839785800,1188150,27628396.0000,2.091813,1,0.911850,35.786132,3.618016,6.717738,11.605028,0
2017-08-04,sh.603339,23.7275890200,25.7308941600,23.7275890200,24.7745424600,23.3953826400,4906158,122116245.0000,8.637602,1,5.895012,37.895728,3.831298,7.113749,12.289145,0
2017-08-07,sh.603339,24.5430046800,25.6201587000,24.2913331800,25.5396238200,24.7745424600,3772730,94550062.0000,6.642130,1,3.088176,39.066014,3.949615,7.333435,12.668655,0
2017-08-08,sh.603339,25.5798912600,25.6201587000,24.9557459400,25.0866151200,25.5396238200,2405725,60186012.0000,4.235431,1,-1.773751,38.373082,3.879559,7.203358,12.443945,0
2017-08-09,sh.603339,24.9054116400,27.0697865400,24.9054116400,26.9590510800,25.0866151200,6619225,173535002.0000,11.653565,1,7.463887,41.237204,4.169125,7.741008,13.372747,0
2017-08-10,sh.603339,26.3852400600,28.7710858800,25.7308941600,27.8550016200,26.9590510800,7565462,201624547.0000,13.319475,1,3.323373,40.462593,4.305418,7.139203,50.570236,0
2017-08-11,sh.603339,27.1805220000,28.2677428800,26.9288505000,26.9691179400,27.8550016200,5323104,145066159.0000,9.371662,1,-3.180336,39.175745,4.168491,6.912152,48.961931,0
2017-08-14,sh.603339,26.9791848000,27.4221266400,26.2040365800,27.0093853800,26.9691179400,3683881,98119705.0000,6.485706,1,0.149306,39.234238,4.174715,6.922473,49.035035,0
2017-08-15,sh.603339,26.7275133000,26.9389173600,26.2745046000,26.4355743600,27.0093853800,2921500,76983141.0000,5.143486,1,-2.124486,38.400712,4.086023,6.775406,47.993292,0
2017-08-16,sh.603339,26.4859086600,26.7778476000,26.4355743600,26.6067109800,26.4355743600,2203900,58196217.0000,3.880106,1,0.647373,38.649308,4.112475,6.819268,48.303988,0
2017-08-17,sh.603339,26.6973127200,26.7476470200,26.2342371600,26.6369115600,26.6067109800,2400033,63221852.0000,4.225410,1,0.113503,38.693177,4.117143,6.827008,48.358816,0
2017-08-18,sh.603339,26.4758418000,26.7275133000,26.0127662400,26.0731674000,26.6369115600,2326720,60964677.0000,4.096338,1,-2.116400,37.874274,4.030008,6.682521,47.335349,0
2017-08-21,sh.603339,25.9020307800,26.2946383200,25.9020307800,26.2443040200,26.0731674000,1596066,41372938.0000,2.809975,1,0.656371,38.122870,4.056460,6.726383,47.646045,0
2017-08-22,sh.603339,26.1839028600,26.6268447000,26.0731674000,26.1134348400,26.2443040200,1733420,45378014.0000,3.051796,1,-0.498654,37.932767,4.036232,6.692842,47.408454,0
2017-08-23,sh.603339,26.1134348400,26.4355743600,25.8818970600,26.1134348400,26.1134348400,1298120,33712084.0000,2.285423,1,0.000000,37.932767,4.036232,6.692842,47.408454,0
2017-08-24,sh.603339,25.9926325200,26.2644377400,25.6805598600,25.9422982200,26.1134348400,1356553,35054205.0000,2.388298,1,-0.655359,37.684172,4.009780,6.648980,47.097759,0
2017-08-25,sh.603339,26.1637691400,27.5429289600,26.1637691400,26.8080481800,25.9422982200,4195227,112386841.0000,7.385963,1,3.337209,38.941773,4.143595,6.870870,48.669512,0
2017-08-28,sh.603339,26.8382487600,27.4221266400,26.4758418000,27.2610568800,26.8080481800,3606456,96499193.0000,6.349394,1,1.689826,39.599820,4.213614,6.986976,49.491940,0
2017-08-29,sh.603339,27.2811906000,27.2912574600,26.8785162000,26.9288505000,27.2610568800,2262188,60722830.0000,3.982725,1,-1.218611,39.117252,4.162267,6.901832,48.888826,0
2017-08-30,sh.603339,26.8684493400,27.0798534000,26.4758418000,26.5362429600,26.9288505000,1891600,50208488.0000,3.330282,1,-1.457942,38.546945,4.101583,6.801207,48.176054,0
2017-08-31,sh.603339,26.5362429600,26.9791848000,26.4557080800,26.8684493400,26.5362429600,1603200,42608158.0000,2.822535,1,1.251897,39.029513,4.152931,6.886351,48.779169,0
2017-09-01,sh.603339,27.0798534000,27.4623940800,26.7979813200,26.8785162000,26.8684493400,2092900,56311144.0000,3.684683,1,0.037468,39.044136,4.154487,6.888931,48.797445,0
2017-09-04,sh.603339,27.1100539800,27.2207894400,26.7677807400,26.7879144600,26.8785162000,2223873,59538752.0000,3.915269,1,-0.337079,38.912526,4.140483,6.865710,48.632959,0
2017-09-05,sh.603339,27.2107225800,27.2107225800,26.7778476000,26.8583824800,26.7879144600,1511794,40472754.0000,2.661609,1,0.263058,39.014889,4.151375,6.883771,48.760893,0
2017-09-06,sh.603339,26.7073795800,26.7073795800,26.0832342600,26.2845714600,26.8583824800,2390339,62492583.0000,4.208343,1,-2.136431,38.181363,4.062684,6.736704,47.719149,0
2017-09-07,sh.603339,26.1637691400,26.5563766800,26.1637691400,26.3953069200,26.2845714600,1656143,43349644.0000,2.915745,1,0.421289,38.342219,4.079800,6.765085,47.920187,0
2017-09-08,sh.603339,26.3751732000,26.5463098200,26.1839028600,26.3751732000,26.3953069200,1338785,35032047.0000,2.357016,1,-0.076272,38.312972,4.076688,6.759925,47.883635,0
2017-09-11,sh.603339,26.3751732000,26.5463098200,26.2543708800,26.5362429600,26.3751732000,1390448,36496036.0000,2.447972,1,0.610686,38.546945,4.101583,6.801207,48.176054,0
2017-09-12,sh.603339,26.5161092400,26.6671121400,25.9724988000,26.2040365800,26.5362429600,1839400,48248770.0000,3.238380,1,-1.251897,38.064377,4.050236,6.716063,47.572940,0
2017-09-13,sh.603339,26.2141034400,26.3147720400,25.8718302000,26.2443040200,26.2040365800,1185312,30716983.0000,2.086817,1,0.153665,38.122870,4.056460,6.726383,47.646045,0
2017-09-14,sh.603339,26.1738360000,26.7275133000,26.0933011200,26.7174464400,26.2443040200,2141879,56432120.0000,3.770914,1,1.802843,38.810164,4.129591,6.847649,48.505026,0
2017-09-15,sh.603339,26.7073795800,27.8751353400,26.5865772600,27.8147341800,26.7174464400,5843724,159671455.0000,10.288246,1,4.107001,40.404100,4.299194,7.128883,50.497131,0
2017-09-18,sh.603339,27.4925946600,28.4590132200,27.4925946600,27.8650684800,27.8147341800,4606851,128146747.0000,8.110653,1,0.180967,40.477217,4.306974,7.141783,50.588512,0
2017-09-19,sh.603339,28.1771411400,28.4892138000,27.4422603600,27.6838650000,27.8650684800,3601630,99830557.0000,6.340898,1,-0.650290,40.213998,4.278966,7.095341,50.259541,0
2017-09-20,sh.603339,27.9456033600,28.3180771800,27.6939318600,27.8348679000,27.6838650000,2985476,82871843.0000,5.256120,1,0.545453,40.433347,4.302306,7.134043,50.533684,0
2017-09-21,sh.603339,27.7140655800,29.5764346800,27.6939318600,29.2542951600,27.8348679000,7165981,204825993.0000,12.616164,1,5.099457,42.495228,4.521700,7.497840,53.110627,0
2017-09-22,sh.603339,28.9824899400,28.9824899400,28.4690800800,28.5596818200,29.2542951600,4048632,115433287.0000,7.127873,1,-2.374393,41.486222,4.414337,7.319812,51.849570,0
2017-09-25,sh.603339,28.4590132200,28.4590132200,27.2409231600,27.3617254800,28.5596818200,3572515,98557326.0000,6.289639,1,-4.194573,39.746053,4.229174,7.012777,49.674702,0
2017-09-26,sh.603339,27.0899202600,27.5831964000,26.5362429600,26.8986499200,27.3617254800,2208388,59116121.0000,3.888007,1,-1.692425,39.073382,4.157599,6.894091,48.833997,0
2017-09-27,sh.603339,26.9087167800,27.5328621000,26.8382487600,27.2409231600,26.8986499200,1916555,51886040.0000,3.374217,1,1.272456,39.570574,4.210502,6.981816,49.455388,0
2017-09-28,sh.603339,27.2711237400,27.5731295400,26.9791848000,27.1100539800,27.2409231600,1847859,50098567.0000,3.253273,1,-0.480411,39.380471,4.190275,6.948274,49.217797,0
2017-09-29,sh.603339,27.0194522400,27.3717923400,26.9993185200,27.3113911800,27.1100539800,1139072,30793021.0000,2.005408,1,0.742662,39.672937,4.221394,6.999876,49.583321,0
2017-10-09,sh.603339,27.7845336000,27.8449347600,27.2006557200,27.5328621000,27.3113911800,1477704,40292432.0000,2.601592,1,0.810915,39.994649,4.255626,7.056639,49.985398,0
2017-10-10,sh.603339,27.4523272200,27.8348679000,27.2509900200,27.8147341800,27.5328621000,1739374,47580171.0000,3.062278,1,1.023762,40.404100,4.299194,7.128883,50.497131,0
2017-10-11,sh.603339,27.8650684800,29.2542951600,27.8650684800,28.8616876200,27.8147341800,6063859,172849766.0000,10.675808,1,3.764028,41.924920,4.461017,7.397216,52.397856,0
2017-10-12,sh.603339,28.6502835600,29.2341614400,28.1972748600,28.5093475200,28.8616876200,3285898,93441258.0000,5.785032,1,-1.220790,41.413106,4.406557,7.306911,51.758189,0
2017-10-13,sh.603339,28.2476091600,28.8818213400,28.0764725400,28.6100161200,28.5093475200,2339847,66362477.0000,4.119449,1,0.353109,41.559339,4.422117,7.332712,51.940951,0
2017-10-16,sh.603339,28.6603504200,28.7509521600,27.7845336000,27.9758039400,28.6100161200,2841558,79346330.0000,5.002743,1,-2.216746,40.638073,4.324090,7.170165,50.789550,0
2017-10-17,sh.603339,27.7442661600,28.2979434600,27.2811906000,27.9858708000,27.9758039400,2318898,63993811.0000,4.082567,1,0.035978,40.652696,4.325646,7.172745,50.807827,0
2017-10-18,sh.603339,27.8852022000,28.5395481000,27.1805220000,27.3113911800,27.9858708000,2850316,79421527.0000,5.018162,1,-2.410072,39.672937,4.221394,6.999876,49.583321,0
2017-10-19,sh.603339,27.7341993000,30.0395102400,27.4422603600,30.0395102400,27.3113911800,13906564,409110384.0000,24.483387,1,9.988947,39.561539,4.465652,6.986441,77.547484,0
2017-10-20,sh.603339,30.7743910200,32.1736845600,29.6972370000,31.1770654200,30.0395102400,17586265,536816877.0000,30.961734,1,3.786860,41.059681,4.634760,7.251008,80.484101,0
2017-10-23,sh.603339,30.3012486000,30.8951933400,29.9992428000,30.6636555600,31.1770654200,9632624,291331465.0000,16.958845,1,-1.646756,40.383528,4.558437,7.131601,79.158725,0
2017-10-24,sh.603339,30.2005800000,30.5025858000,28.9925568000,29.5965684000,30.6636555600,7877607,232015280.0000,13.869026,1,-3.479972,38.978192,4.399805,6.883423,76.404022,0
2017-10-25,sh.603339,29.2945626000,30.0495771000,29.2240945800,29.8482399000,29.5965684000,5251175,155140756.0000,9.245026,1,0.850340,39.309639,4.437218,6.941956,77.053716,0
2017-10-26,sh.603339,29.6066352600,30.6535887000,29.4052980600,30.6133212600,29.8482399000,5552233,165789769.0000,9.775058,1,2.563239,40.317239,4.550955,7.119895,79.028786,0
2017-10-27,sh.603339,30.6535887000,30.6535887000,29.8985742000,29.9489085000,30.6133212600,3322020,99503213.0000,5.848627,1,-2.170338,39.442218,4.452183,6.965369,77.313594,0
2017-10-30,sh.603339,29.7576381600,29.7576381600,28.1872080000,28.3180771800,29.9489085000,4636304,132323497.0000,8.162507,1,-5.445381,37.294440,4.209745,6.586078,73.103576,0
2017-10-31,sh.603339,28.3180771800,29.2945626000,28.3180771800,29.2140277200,28.3180771800,2840788,81416328.0000,5.001387,1,3.163887,38.474392,4.342937,6.794454,75.416487,0
2017-11-01,sh.603339,29.0529579600,29.6972370000,28.7610190200,29.3046294600,29.2140277200,3014187,87475144.0000,5.306667,1,0.310132,38.593713,4.356405,6.815526,75.650377,0
2017-11-02,sh.603339,29.2442283000,29.7576381600,29.0026236600,29.4858329400,29.3046294600,2712110,79232983.0000,4.774842,1,0.618345,38.832355,4.383343,6.857669,76.118157,0
2017-11-03,sh.603339,29.4958998000,29.6167021200,28.1872080000,28.3885452000,29.4858329400,3214326,91818307.0000,5.659025,1,-3.721407,37.387246,4.220221,6.602467,73.285491,0
2017-11-06,sh.603339,28.0664056800,28.6402167000,27.6435975600,28.5496149600,28.3885452000,2743372,76309229.0000,4.829880,1,0.567375,37.599372,4.244165,6.639928,73.701295,0
2017-11-07,sh.603339,28.5093475200,28.6200829800,27.9858708000,28.4388795000,28.5496149600,1927318,54205980.0000,3.393165,1,-0.387872,37.453535,4.227704,6.614174,73.415429,0
2017-11-08,sh.603339,28.2979434600,28.9120219200,28.0664056800,28.1066731200,28.4388795000,2825110,80149869.0000,4.973785,1,-1.168141,37.016025,4.178318,6.536911,72.557833,0
2017-11-09,sh.603339,27.8650684800,28.4690800800,27.8348679000,28.4187457800,28.1066731200,2022697,56666688.0000,3.561086,1,1.110313,37.427019,4.224711,6.609491,73.363454,0
2017-11-10,sh.603339,28.3684114800,28.8717544800,28.1167399800,28.1368737000,28.4187457800,3015411,84942286.0000,5.308822,1,-0.991848,37.055798,4.182808,6.543935,72.635797,0
2017-11-13,sh.603339,28.1771411400,29.4858329400,27.8650684800,29.4556323600,28.1368737000,5239395,150518761.0000,9.224287,1,4.686939,38.792582,4.378853,6.850645,76.040193,0
2017-11-14,sh.603339,29.4958998000,29.5764346800,28.8012864600,29.1838271400,29.4556323600,3417467,99131204.0000,6.016667,1,-0.922763,38.434619,4.338447,6.787430,75.338524,0
2017-11-15,sh.603339,29.1234259800,30.0093096600,28.8918882000,29.9791090800,29.1838271400,4822894,141320346.0000,8.491011,1,2.725081,39.481992,4.456673,6.972393,77.391557,0
2017-11-16,sh.603339,29.7677050200,30.2811148800,29.4958998000,29.8784404800,29.9791090800,3958710,117576042.0000,6.969560,1,-0.335797,39.349413,4.441708,6.948980,77.131679,0
2017-11-17,sh.603339,29.8885073400,29.8885073400,26.8885830600,26.8986499200,29.8784404800,4950473,139246078.0000,8.715621,1,-9.973049,35.425078,3.998734,6.255955,69.439302,0
2017-11-20,sh.603339,26.3147720400,26.3651063400,24.6738738600,25.4288883600,26.8986499200,3746817,94069726.0000,6.596509,1,-5.464068,33.489426,3.780240,5.914125,65.645088,0
2017-11-21,sh.603339,25.4188215000,25.6100918400,24.8148099000,24.9054116400,25.4288883600,2592490,64630335.0000,4.564243,1,-2.058592,32.800016,3.702421,5.792377,64.293725,0
2017-11-22,sh.603339,25.0161471000,25.1268825600,23.6571210000,24.2913331800,24.9054116400,3937231,94875930.0000,6.931745,1,-2.465645,31.991285,3.611132,5.649558,62.708471,0
2017-11-23,sh.603339,24.1604640000,24.2812663200,23.7074553000,23.7678564600,24.2913331800,2014097,47944070.0000,3.545945,1,-2.154988,31.301875,3.533313,5.527811,61.357108,0
2017-11-24,sh.603339,23.6671878600,24.1403302800,23.6671878600,23.8282576200,23.7678564600,1189714,28263793.0000,2.094567,1,0.254127,31.381422,3.542292,5.541858,61.513034,0
2017-11-27,sh.603339,24.1302634200,24.1302634200,23.7175221600,23.8282576200,23.8282576200,787100,18682593.0000,1.385739,1,0.000000,31.381422,3.542292,5.541858,61.513034,0
2017-11-28,sh.603339,23.8282576200,24.1604640000,23.6671878600,24.1503971400,23.8282576200,1323314,31558342.0000,2.329778,1,1.351921,31.805675,3.590181,5.616780,62.344643,0
2017-11-29,sh.603339,24.1604640000,24.1604640000,22.9625076600,23.5061181000,24.1503971400,2919300,67925950.0000,5.139613,1,-2.667776,30.957170,3.494403,5.466937,60.681426,0
2017-11-30,sh.603339,23.3349814800,23.6067867000,23.1638448600,23.2242460200,23.5061181000,1144300,26542777.0000,2.014613,1,-1.199146,30.585949,3.452500,5.401380,59.953768,0
2017-12-01,sh.603339,23.2443797400,23.5866529800,23.1537780000,23.4960512400,23.2242460200,909267,21178077.0000,1.600822,1,1.170353,30.943912,3.492906,5.464595,60.655438,0
2017-12-04,sh.603339,23.3047809000,23.5765861200,22.7007693000,22.8014379000,23.4960512400,1346100,31006163.0000,2.369894,1,-2.956300,30.029117,3.389646,5.303046,58.862282,0
2017-12-05,sh.603339,22.7410367400,23.0128419600,21.4122112200,21.9356879400,22.8014379000,2149050,47297780.0000,3.783539,1,-3.796904,28.888939,3.260944,5.101694,56.627335,0
2017-12-06,sh.603339,21.9356879400,22.5094989600,21.8853536400,22.4994321000,21.9356879400,1174878,25839170.0000,2.068447,1,2.569984,29.631381,3.344750,5.232807,58.082649,0
2017-12-07,sh.603339,22.5094989600,22.6504350000,22.3383623400,22.5396995400,22.4994321000,733900,16433202.0000,1.292077,1,0.178967,29.684412,3.350736,5.242172,58.186601,0
2017-12-08,sh.603339,22.4692315200,24.1705308600,22.4692315200,23.4859843800,22.5396995400,2007200,46698237.0000,3.533803,1,4.198305,30.930654,3.491410,5.462254,60.629450,0
2017-12-11,sh.603339,23.6067867000,24.0597954000,23.4960512400,23.7678564600,23.4859843800,1435001,33812632.0000,2.526410,1,1.200174,31.301875,3.533313,5.527811,61.357108,0
2017-12-12,sh.603339,23.5363186800,23.5967198400,23.1940454400,23.2544466000,23.7678564600,888250,20637952.0000,1.563820,1,-2.160103,30.625722,3.456989,5.408404,60.031732,0
2017-12-13,sh.603339,23.2242460200,23.4960512400,23.1739117200,23.4557838000,23.2544466000,635500,14746511.0000,1.118838,1,0.865796,30.890880,3.486920,5.455230,60.551487,0
2017-12-14,sh.603339,23.4557838000,23.4960512400,23.0329756800,23.1537780000,23.4557838000,989950,22798447.0000,1.742870,1,-1.287550,30.493144,3.442024,5.384991,59.771854,0
2017-12-15,sh.603339,23.1537780000,23.4557838000,23.0833099800,23.3450483400,23.1537780000,906964,20980851.0000,1.596768,1,0.826089,30.745043,3.470458,5.429476,60.265622,0
2017-12-18,sh.603339,23.4557838000,24.1503971400,23.4557838000,23.6470541400,23.3450483400,1729611,40992796.0000,3.045090,1,1.293658,31.142780,3.515354,5.499715,61.045254,0
2017-12-19,sh.603339,23.4557838000,23.9087925000,23.3853157800,23.7577896000,23.6470541400,1029857,24218912.0000,1.813129,1,0.468287,31.288617,3.531816,5.525469,61.331120,0
2017-12-20,sh.603339,23.7577896000,23.8081239000,23.1839785800,23.3148477600,23.7577896000,948402,22084854.0000,1.669722,1,-1.864409,30.705270,3.465969,5.422452,60.187658,0
2017-12-21,sh.603339,23.2343128800,23.5765861200,23.0531094000,23.4356500800,23.3148477600,1223200,28340140.0000,2.153521,1,0.518138,30.864364,3.483927,5.450548,60.499511,0
2017-12-22,sh.603339,23.3551152000,23.5564524000,22.7511036000,23.0128419600,23.4356500800,1256600,28818954.0000,2.212324,1,-1.804124,30.307533,3.421073,5.352213,59.408025,0
2017-12-25,sh.603339,23.0128419600,23.1537780000,22.5296326800,22.6202344200,23.0128419600,928900,21014648.0000,1.635387,1,-1.706042,29.790475,3.362708,5.260902,58.394503,0
2017-12-26,sh.603339,22.7410367400,23.3651820600,22.4490978000,23.3551152000,22.6202344200,1170572,26780594.0000,2.060866,1,3.248783,30.758301,3.471955,5.431817,60.291609,0
2017-12-27,sh.603339,23.3249146200,23.7980570400,23.1437111400,23.3752489200,23.3551152000,1786900,41671888.0000,3.145951,1,0.086201,30.784817,3.474948,5.436500,60.343585,0
2017-12-28,sh.603339,23.4155163600,24.2913331800,23.4155163600,23.6168535600,23.3752489200,1941716,45970271.0000,3.418514,1,1.033591,31.103006,3.510865,5.492691,60.967291,0
2017-12-29,sh.603339,23.6470541400,23.9591268000,23.4557838000,23.8785919200,23.6168535600,1536614,36350221.0000,2.705306,1,1.108270,31.447712,3.549774,5.553565,61.642973,0
2018-01-02,sh.603339,23.9389930800,24.1000628400,23.6571210000,23.9993942400,23.8785919200,1180102,27968616.0000,2.077644,1,0.505906,31.606806,3.567733,5.581660,61.954826,0
2018-01-03,sh.603339,24.1503971400,24.2007314400,23.8181907600,24.0799291200,23.9993942400,1386677,33030846.0000,2.441333,1,0.335570,31.712869,3.579705,5.600391,62.162728,0
2018-01-04,sh.603339,24.0899959800,24.1101297000,23.6772547200,23.8282576200,24.0799291200,1410123,33439947.0000,2.482611,1,-1.045151,31.381422,3.542292,5.541858,61.513034,0
2018-01-05,sh.603339,23.7779233200,24.0899959800,23.6772547200,23.8383244800,23.8282576200,1107609,26316849.0000,1.950016,1,0.042249,31.394680,3.543788,5.544200,61.539022,0
2018-01-08,sh.603339,23.7275890200,24.4423360800,23.7074553000,24.3517343400,23.8383244800,2266284,54206538.0000,3.989937,1,2.153717,32.070832,3.620112,5.663606,62.864398,0
2018-01-09,sh.603339,24.2611326000,24.3014000400,23.8483913400,23.9389930800,24.3517343400,1463291,34952035.0000,2.576217,1,-1.694914,31.527259,3.558754,5.567613,61.798900,0
2018-01-10,sh.603339,23.9389930800,23.9893273800,23.2242460200,23.4859843800,23.9389930800,1521564,35574216.0000,2.678810,1,-1.892350,30.930654,3.491410,5.462254,60.629450,0
2018-01-11,sh.603339,23.4356500800,23.8081239000,23.2544466000,23.7376558800,23.4859843800,1084671,25454405.0000,1.909632,1,1.071582,31.262101,3.528823,5.520787,61.279144,0
2018-01-12,sh.603339,23.7376558800,23.7980570400,23.1034437000,23.1839785800,23.7376558800,1154685,26887283.0000,2.032896,1,-2.332482,30.532917,3.446514,5.392015,59.849817,0
2018-01-15,sh.603339,23.2141791600,23.2141791600,22.1772925800,22.2376937400,23.1839785800,1711060,38251968.0000,3.012430,1,-4.081635,29.286676,3.305840,5.171933,57.406968,0
2018-01-16,sh.603339,22.3282954800,22.5497664000,22.0665571200,22.2880280400,22.2376937400,1008600,22360725.0000,1.775704,1,0.226343,29.352965,3.313322,5.183639,57.536906,0
2018-01-17,sh.603339,22.2880280400,22.8115047600,21.7947519000,22.7913710400,22.2880280400,1665809,36888463.0000,2.932762,1,2.258356,30.015860,3.388149,5.300704,58.836295,0
2018-01-18,sh.603339,22.7813041800,22.7913710400,22.5396995400,22.6605018600,22.7913710400,1050787,23626301.0000,1.849977,1,-0.574201,29.843507,3.368694,5.270267,58.498454,0
2018-01-19,sh.603339,22.7309698800,23.3249146200,22.5296326800,23.0833099800,22.6605018600,1397335,31854572.0000,2.460097,1,1.865838,30.400338,3.431548,5.368602,59.589940,0
2018-01-22,sh.603339,23.1034437000,23.4255832200,22.8517722000,23.2846471800,23.0833099800,1351582,31147616.0000,2.379546,1,0.872215,30.665496,3.461479,5.415428,60.109695,0
2018-01-23,sh.603339,23.3450483400,23.3752489200,22.9524408000,23.2041123000,23.2846471800,920147,21146786.0000,1.619977,1,-0.345871,30.559433,3.449507,5.396698,59.901793,0
2018-01-24,sh.603339,23.1638448600,23.4155163600,22.9222402200,23.3651820600,23.2041123000,1210818,28003691.0000,2.131722,1,0.694142,30.771559,3.473451,5.434158,60.317597,0
2018-01-25,sh.603339,23.3450483400,23.5463855400,23.2041123000,23.3651820600,23.3651820600,1177037,27323560.0000,2.072248,1,0.000000,30.771559,3.473451,5.434158,60.317597,0
2018-01-26,sh.603339,23.1537780000,23.5061181000,23.1537780000,23.3752489200,23.3651820600,908237,21070987.0000,1.599009,1,0.043086,30.784817,3.474948,5.436500,60.343585,0
2018-01-29,sh.603339,23.3651820600,23.3651820600,22.5497664000,22.8517722000,23.3752489200,1300992,29550742.0000,2.290479,1,-2.239443,30.095407,3.397128,5.314752,58.992221,0
2018-01-30,sh.603339,22.8316384800,22.8618390600,22.4994321000,22.7309698800,22.8517722000,800704,18033170.0000,1.409690,1,-0.528638,29.936312,3.379170,5.286657,58.680368,0
2018-01-31,sh.603339,22.5094989600,22.6001007000,22.1470920000,22.4490978000,22.7309698800,964514,21424930.0000,1.698088,1,-1.240039,29.565091,3.337267,5.221100,57.952711,0
2018-02-01,sh.603339,22.1672257200,22.4792983800,21.5028129600,21.6437490000,22.4490978000,1117629,24383274.0000,1.967657,1,-3.587441,28.504460,3.217544,5.033796,55.873690,0
2018-02-02,sh.603339,21.6437490000,21.6437490000,19.6303770000,21.2310077400,21.6437490000,1034032,21577184.0000,1.820479,1,-1.906976,27.960887,3.156187,4.937803,54.808191,0
2018-02-05,sh.603339,20.7679321800,21.3820106400,20.5363944000,21.2612083200,21.2310077400,576280,12072485.0000,1.014577,1,0.142251,28.000661,3.160676,4.944827,54.886155,0
2018-02-06,sh.603339,20.5464612600,21.0498042600,19.5297084000,19.6907781600,21.2612083200,1280066,25789759.0000,2.253637,1,-7.386370,25.932430,2.927217,4.579584,50.832064,0
2018-02-07,sh.603339,20.1337200000,20.3149234800,19.0666328400,19.8619147800,19.6907781600,976427,19135867.0000,1.719062,1,0.869121,26.157814,2.952658,4.619386,51.273856,0
2018-02-08,sh.603339,19.8317142000,20.4155920800,19.6505107200,20.3652577800,19.8619147800,917142,18427324.0000,1.614687,1,2.534212,26.820708,3.027485,4.736451,52.573244,0
2018-02-09,sh.603339,19.5297084000,20.2343886000,19.3384380600,20.1840543000,20.3652577800,1038614,20582921.0000,1.828546,1,-0.889769,26.582066,3.000547,4.694308,52.105464,0
2018-02-12,sh.603339,20.3954583600,20.7276647400,20.1437868600,20.6873973000,20.1840543000,887992,18097950.0000,1.563366,1,2.493766,27.244961,3.075374,4.811373,53.404852,0
2018-02-13,sh.603339,20.6571967200,20.9390688000,20.3551909200,20.5766618400,20.6873973000,832082,17037120.0000,1.464933,1,-0.535273,27.099124,3.058912,4.785618,53.118987,0
2018-02-14,sh.603339,20.4256589400,20.7880659000,20.4256589400,20.7679321800,20.5766618400,489734,10010231.0000,0.862208,1,0.929543,27.351024,3.087346,4.830103,53.612754,0
2018-02-22,sh.603339,20.8887345000,21.3316763400,20.6773304400,21.2612083200,20.7679321800,791500,16507028.0000,1.393486,1,2.375190,28.000661,3.160676,4.944827,54.886155,0
2018-02-23,sh.603339,21.2612083200,21.2612083200,21.0397374000,21.1303391400,21.2612083200,470700,9864956.0000,0.828697,1,-0.615535,27.828308,3.141221,4.914390,54.548314,0
2018-02-26,sh.603339,21.1907403000,21.4927461000,21.0498042600,21.4524786600,21.1303391400,1200178,25401311.0000,2.112989,1,1.524534,28.252560,3.189110,4.989311,55.379922,0
2018-02-27,sh.603339,21.4524786600,21.5330135400,21.3518100600,21.4726123800,21.4524786600,990031,21098927.0000,1.743012,1,0.093855,28.279076,3.192103,4.993994,55.431898,0
2018-02-28,sh.603339,21.3820106400,21.8752867800,20.9894031000,21.8249524800,21.4726123800,1296645,27830016.0000,2.282826,1,1.640883,28.743102,3.244482,5.075940,56.341469,0
2018-03-01,sh.603339,21.5028129600,21.9256210800,21.4927461000,21.8450862000,21.8249524800,743720,16072059.0000,1.309366,1,0.092253,28.769618,3.247475,5.080622,56.393445,0
2018-03-02,sh.603339,21.7947519000,22.0967577000,21.5531472600,21.6336821400,21.8450862000,723400,15663135.0000,1.273592,1,-0.967746,28.491202,3.216048,5.031455,55.847702,0
2018-03-05,sh.603339,21.6236152800,21.8350193400,21.4424118000,21.7142170200,21.6336821400,494372,10610446.0000,0.870373,1,0.372266,28.597266,3.228020,5.050185,56.055604,0
2018-03-06,sh.603339,21.7947519000,22.0262896800,21.5934147000,21.9860222400,21.7142170200,582404,12611782.0000,1.025359,1,1.251741,28.955229,3.268426,5.113400,56.757274,0
2018-03-07,sh.603339,21.9457548000,21.9457548000,21.5732809800,21.6739495800,21.9860222400,511400,11048138.0000,0.900352,1,-1.419412,28.544234,3.222034,5.040820,55.951653,0
2018-03-08,sh.603339,21.4927461000,21.7947519000,21.2511414600,21.7242838800,21.6739495800,751099,16114416.0000,1.322357,1,0.232231,28.610523,3.229517,5.052527,56.081592,0
2018-03-09,sh.603339,21.7846850400,22.3987635000,21.6638827200,22.3484292000,21.7242838800,1642269,36085120.0000,2.891319,1,2.873034,29.432513,3.322302,5.197687,57.692833,0
2018-03-12,sh.603339,22.3685629200,22.9121733600,22.3685629200,22.6202344200,22.3484292000,1200259,27050433.0000,2.113132,1,1.216210,29.790475,3.362708,5.260902,58.394503,0
2018-03-13,sh.603339,22.6202344200,23.0732431200,22.5598332600,22.8417053400,22.6202344200,1462158,33197485.0000,2.574222,1,0.979089,30.082149,3.395632,5.312411,58.966233,0
2018-03-14,sh.603339,23.0329756800,23.0329756800,22.3987635000,22.5497664000,22.8417053400,1335132,30179483.0000,2.350585,1,-1.278100,29.697670,3.352232,5.244513,58.212588,0
2018-03-15,sh.603339,22.4490978000,22.5396995400,22.0967577000,22.4188972200,22.5497664000,995961,22013184.0000,1.753452,1,-0.580353,29.606066,3.341892,5.228336,58.033028,0
2018-03-16,sh.603339,22.4188972200,22.6907024400,22.2376937400,22.4692315200,22.4188972200,676000,15092738.0000,1.190141,1,0.224514,29.672537,3.349395,5.240075,58.163323,0
2018-03-19,sh.603339,22.4490978000,22.6101675600,22.3081617600,22.4390309400,22.4692315200,593600,13247813.0000,1.045070,1,-0.134403,29.632654,3.344893,5.233032,58.085146,0
2018-03-20,sh.603339,22.3282954800,22.3282954800,21.9054873600,22.1772925800,22.4390309400,809935,17766974.0000,1.425942,1,-1.166443,29.287007,3.305877,5.171991,57.407616,0
2018-03-21,sh.603339,22.2779611800,22.7813041800,22.1269582800,22.4692315200,22.1772925800,1499500,33520185.0000,2.639965,1,1.316382,29.672537,3.349395,5.240075,58.163323,0
2018-03-22,sh.603339,22.4188972200,24.1302634200,22.1772925800,23.0531094000,22.4692315200,2964790,68085058.0000,5.219701,1,2.598566,30.443597,3.436431,5.376241,59.674735,0
2018-03-23,sh.603339,22.2880280400,22.5699001200,20.7477984600,20.8182664800,23.0531094000,3003703,64670712.0000,5.288210,1,-9.694320,27.492297,3.103293,4.855051,53.889673,0
2018-03-26,sh.603339,20.0431182600,21.3417432000,19.7914467600,21.2108740200,20.8182664800,1610847,32642640.0000,2.835998,1,1.885877,28.010768,3.161817,4.946612,54.905968,0
2018-03-27,sh.603339,21.5330135400,21.5531472600,21.1404060000,21.3014757600,21.2108740200,2120822,44950469.0000,3.733842,1,0.427148,28.130416,3.175323,4.967741,55.140498,0
2018-03-28,sh.603339,20.9692693800,21.2410746000,20.7477984600,21.0095368200,21.3014757600,1189379,24839540.0000,2.093977,1,-1.370506,27.744886,3.131805,4.899658,54.384791,0
2018-03-29,sh.603339,21.1303391400,21.3115426200,21.0095368200,21.1907403000,21.0095368200,1108836,23339794.0000,1.952176,1,0.862474,27.984180,3.158816,4.941916,54.853850,0
2018-03-30,sh.603339,21.4726123800,21.8350193400,21.2712751800,21.7947519000,21.1907403000,1476080,31701642.0000,2.598732,1,2.850358,28.781829,3.248853,5.082779,56.417380,0
2018-04-02,sh.603339,21.7947519000,21.7947519000,21.4826792400,21.5330135400,21.7947519000,1301115,27983078.0000,2.290695,1,-1.200925,28.436181,3.209837,5.021738,55.739851,0
2018-04-03,sh.603339,21.2410746000,21.6538158600,20.7880659000,21.4122112200,21.5330135400,1616295,33922133.0000,2.845590,1,-0.561005,28.276651,3.191830,4.993566,55.427145,0
2018-04-04,sh.603339,21.4323449400,21.9256210800,21.0498042600,21.1806734400,21.4122112200,1573996,33686945.0000,2.771120,1,-1.081333,27.970886,3.157315,4.939569,54.827791,0
2018-04-09,sh.603339,21.1907403000,21.6638827200,20.8887345000,21.5330135400,21.1806734400,1272824,27027312.0000,2.240887,1,1.663491,28.436181,3.209837,5.021738,55.739851,0
2018-04-10,sh.603339,21.5632141200,21.6437490000,21.2511414600,21.5732809800,21.5330135400,1180671,25164305.0000,2.078646,1,0.187008,28.489358,3.215840,5.031129,55.844086,0
2018-04-11,sh.603339,21.5934147000,22.2376937400,21.5632141200,22.1873594400,21.5732809800,2491259,54474966.0000,4.386019,1,2.846480,29.300301,3.307378,5.174339,57.433675,0
2018-04-12,sh.603339,22.1470920000,22.8316384800,22.0061559600,22.4893652400,22.1873594400,2985664,66518147.0000,5.256451,1,1.361158,29.699125,3.352396,5.244770,58.215440,0
2018-04-13,sh.603339,22.4893652400,22.8719059200,22.3383623400,22.4289640800,22.4893652400,2278395,51146343.0000,4.011259,1,-0.268574,29.619360,3.343393,5.230684,58.059087,0
2018-04-16,sh.603339,22.2477606000,22.9524408000,22.1974263000,22.7712373200,22.4289640800,2848865,63980067.0000,5.015607,1,1.526033,30.071361,3.394414,5.310506,58.945088,0
2018-04-17,sh.603339,22.3484292000,22.6101675600,20.8384002000,21.1504728600,22.7712373200,3311399,71793985.0000,5.829928,1,-7.117598,25.724427,3.017585,4.391088,850.274653,0
2018-04-18,sh.603339,21.2511414600,21.4122112200,19.9827171000,21.0095368200,21.1504728600,1858585,38477933.0000,3.272157,1,-0.666346,25.553013,2.997477,4.361828,844.608853,0
2018-04-19,sh.603339,21.0397374000,21.1605397200,20.6873973000,20.9491356600,21.0095368200,1546565,32155234.0000,2.722826,1,-0.287501,25.479549,2.988860,4.349288,842.180653,0
2018-04-20,sh.603339,20.9592025200,21.0900717000,20.2343886000,20.3451240600,20.9491356600,1466028,30053459.0000,2.581035,1,-2.883231,24.744915,2.902684,4.223888,817.898654,0
2018-04-23,sh.603339,20.3753246400,20.6370630000,20.2142548800,20.3954583600,20.3451240600,820198,16629798.0000,1.444011,1,0.247408,24.806135,2.909865,4.234338,819.922154,0
2018-04-24,sh.603339,20.5263275400,20.9390688000,20.3551909200,20.8786676400,20.3954583600,1130722,23311125.0000,1.990708,1,2.369198,25.393842,2.978806,4.334658,839.347753,0
2018-04-25,sh.603339,20.8686007800,21.0095368200,20.6672635800,20.6974641600,20.8786676400,936730,19366656.0000,1.649173,1,-0.867890,25.173452,2.952953,4.297038,832.063154,0
2018-04-26,sh.603339,20.7779990400,20.7779990400,20.0632519800,20.0833857000,20.6974641600,1773730,35600781.0000,3.122764,1,-2.966920,24.426574,2.865341,4.169548,807.376455,0
2018-04-27,sh.603339,20.2343886000,20.3249903400,19.9223159400,20.1135862800,20.0833857000,1051225,20980901.0000,1.818229,1,0.150370,24.463306,2.869650,4.175818,808.590555,0
2018-05-02,sh.603339,19.4793741000,19.4793741000,18.7042258800,18.7646270400,20.1135862800,2479287,46771055.0000,4.288246,1,-6.706708,24.520713,2.628164,3.782317,-65.321769,0
2018-05-03,sh.603339,18.6438247200,18.9256968000,18.3216852000,18.8149613400,18.7646270400,1897746,35142733.0000,3.282396,1,0.268246,24.586488,2.635214,3.792463,-65.496988,0
2018-05-04,sh.603339,18.7847607600,18.8250282000,18.5230224000,18.6337578600,18.8149613400,992486,18398654.0000,1.716632,1,-0.963083,24.349700,2.609835,3.755938,-64.866198,0
2018-05-07,sh.603339,18.6337578600,19.0162985400,18.6337578600,18.9961648200,18.6337578600,1480602,27716075.0000,2.560892,1,1.944898,24.823276,2.660593,3.828987,-66.127778,0
2018-05-08,sh.603339,18.9256968000,19.3283712000,18.8652956400,19.1371008600,18.9961648200,1427997,27158735.0000,2.469905,1,0.741915,25.007444,2.680333,3.857395,-66.618392,0
2018-05-09,sh.603339,19.3283712000,19.3787055000,18.9256968000,19.2981706200,19.1371008600,1315100,25109275.0000,2.274635,1,0.841661,25.217922,2.702892,3.889861,-67.179094,0
2018-05-10,sh.603339,19.3686386400,19.7310456000,19.2679700400,19.7008450200,19.2981706200,1391848,26950349.0000,2.407380,1,2.086592,25.744118,2.759290,3.971027,-68.580848,0
2018-05-11,sh.603339,19.8216473400,20.5263275400,19.5297084000,20.1437868600,19.7008450200,3148200,63036088.0000,5.445217,1,2.248342,26.322933,2.821329,4.060309,-70.122779,0
2018-05-14,sh.603339,20.1941211600,20.5263275400,19.7310456000,20.1236531400,20.1437868600,1621175,32497096.0000,2.804031,1,-0.099952,26.296623,2.818509,4.056251,-70.052691,0
2018-05-15,sh.603339,20.2444554600,20.4357258000,19.9021822200,20.1639205800,20.1236531400,993775,19856609.0000,1.718862,1,0.200105,26.349243,2.824148,4.064367,-70.192866,0
2018-05-16,sh.603339,20.2041880200,20.3048566200,19.8417810600,19.8518479200,20.1639205800,973700,19353981.0000,1.684140,1,-1.547685,25.941441,2.780440,4.001464,-69.106506,0
2018-05-17,sh.603339,19.7914467600,20.1941211600,19.7914467600,19.9927839600,19.8518479200,810749,16076800.0000,1.402295,1,0.709946,26.125610,2.800179,4.029872,-69.597121,0
2018-05-18,sh.603339,19.9726502400,20.3350572000,19.8619147800,20.2847229000,19.9927839600,953457,19016665.0000,1.649127,1,1.460217,26.507101,2.841068,4.088717,-70.613393,0
2018-05-21,sh.603339,21.1202722800,22.3182286200,20.8484670600,21.1605397200,20.2847229000,3729485,79507480.0000,6.450625,1,4.317622,27.651577,2.963734,4.265252,-73.662209,0
2018-05-22,sh.603339,21.8249524800,23.2745803200,21.8249524800,23.2745803200,21.1605397200,5936803,134338241.0000,10.268465,1,9.990486,30.414103,3.259826,4.691372,-81.021421,0
2018-05-23,sh.603339,23.4859843800,24.2107983000,21.8954205000,21.9960891000,23.2745803200,9046061,206932136.0000,15.646327,1,-5.493082,28.743433,3.080761,4.433671,-76.570850,0
2018-05-24,sh.603339,22.1571588600,23.0027751000,21.9457548000,22.2578274600,21.9960891000,4345581,96662656.0000,7.516242,1,1.189932,29.085460,3.117420,4.486428,-77.481991,0
2018-05-25,sh.603339,21.8249524800,22.0464234000,21.2008071600,21.3518100600,22.2578274600,4184347,89619151.0000,7.237367,1,-4.070563,27.901520,2.990524,4.303806,-74.328043,0
2018-05-28,sh.603339,21.2410746000,21.2712751800,20.5665949800,20.7679321800,21.3518100600,2490848,51610798.0000,4.308242,1,-2.734559,27.138536,2.908746,4.186116,-72.295498,0
2018-05-29,sh.603339,20.6370630000,21.1202722800,20.5867287000,20.6974641600,20.7679321800,2026679,42037321.0000,3.505402,1,-0.339310,27.046452,2.898876,4.171912,-72.050191,0
2018-05-30,sh.603339,20.1337200000,20.3753246400,19.7813799000,19.9726502400,20.6974641600,2473508,49498099.0000,4.278251,1,-3.501942,26.099300,2.797359,4.025814,-69.527033,0
2018-05-31,sh.603339,20.0531851200,20.7981327600,20.0531851200,20.7679321800,19.9726502400,2184987,44497427.0000,3.779216,1,3.981850,27.138536,2.908746,4.186116,-72.295498,0
2018-06-01,sh.603339,20.6370630000,22.7309698800,20.4457926600,21.9155542200,20.7679321800,5300208,113261738.0000,9.167392,1,5.525939,28.638193,3.069481,4.417438,-76.290499,0
2018-06-04,sh.603339,21.7142170200,22.1370251400,21.3014757600,21.7846850400,21.9155542200,3447113,74268808.0000,5.962226,1,-0.597157,28.467180,3.051152,4.391059,-75.834929,0
2018-06-05,sh.603339,21.6840164400,22.2980949000,21.4424118000,22.2678943200,21.7846850400,3811837,83170719.0000,6.593063,1,2.218121,29.098615,3.118830,4.488458,-77.517035,0
2018-06-06,sh.603339,22.0564902600,23.1537780000,21.7041501600,22.1269582800,22.2678943200,4670545,103345932.0000,8.078309,1,-0.632917,28.914446,3.099091,4.460050,-77.026420,0
2018-06-07,sh.603339,21.9558216600,22.4994321000,21.5028129600,22.3282954800,22.1269582800,4017557,87665310.0000,6.948882,1,0.909922,29.177544,3.127290,4.500632,-77.727298,0
2018-06-08,sh.603339,21.8853536400,21.9860222400,21.2410746000,21.4021443600,22.3282954800,3484300,74722795.0000,6.026545,1,-4.147882,27.967294,2.997573,4.313952,-74.503262,0
2018-06-11,sh.603339,21.1504728600,21.8652199200,20.7377316000,21.8450862000,21.4021443600,2781947,58999962.0000,4.811736,1,2.069617,28.546109,3.059612,4.403234,-76.045192,0
2018-06-12,sh.603339,21.6135484200,23.3047809000,21.5934147000,22.7712373200,21.8450862000,7053932,158837031.0000,12.200684,1,4.239632,29.756359,3.189328,4.589915,-79.269228,0
2018-06-13,sh.603339,22.4289640800,22.7511036000,22.0162228200,22.4390309400,22.7712373200,4110450,91672194.0000,7.109553,1,-1.458886,29.322248,3.142799,4.522953,-78.112780,0
2018-06-14,sh.603339,22.3282954800,23.0128419600,22.1772925800,22.9826413800,22.4390309400,4370034,98568152.0000,7.558536,1,2.422606,30.032612,3.218937,4.632527,-80.005149,0
2018-06-15,sh.603339,22.6605018600,23.2443797400,21.5934147000,21.9155542200,22.9826413800,3884089,86269540.0000,6.718032,1,-4.643011,28.638193,3.069481,4.417438,-76.290499,0
2018-06-19,sh.603339,21.1202722800,21.4122112200,19.7209787400,19.7209787400,21.9155542200,3236700,65707268.0000,5.598289,1,-10.013780,25.770428,2.762110,3.975085,-68.650936,0
2018-06-20,sh.603339,19.4189729400,20.1035194200,19.1371008600,19.8619147800,19.7209787400,2698283,52671188.0000,4.667028,1,0.714647,25.954596,2.781850,4.003493,-69.141550,0
2018-06-21,sh.603339,19.8317142000,20.0531851200,18.4223538000,18.4626212400,19.8619147800,3134075,59730868.0000,5.420786,1,-7.045106,24.126066,2.585865,3.721443,-64.270453,0
2018-06-22,sh.603339,18.3216852000,19.0263654000,18.1203480000,18.6941590200,18.4626212400,1688664,31270804.0000,2.920762,1,1.254087,24.428629,2.618294,3.768113,-65.076462,0
2018-06-25,sh.603339,19.0263654000,19.2780369000,18.5129555400,18.5330892600,18.6941590200,1406500,26271246.0000,2.432723,1,-0.861604,24.218151,2.595735,3.735647,-64.515760,0
2018-06-26,sh.603339,18.3619526400,19.1270340000,18.3619526400,18.9961648200,18.5330892600,1519264,28493944.0000,2.627763,1,2.498647,24.823276,2.660593,3.828987,-66.127778,0
2018-06-27,sh.603339,18.9961648200,19.3283712000,18.8350950600,19.0464991200,18.9961648200,1379530,26072359.0000,2.386075,1,0.264967,24.889050,2.667643,3.839133,-66.302997,0
2018-06-28,sh.603339,19.6303770000,20.2947897600,19.4391066600,19.7411124600,19.0464991200,2739630,53869777.0000,4.738543,1,3.646937,25.796737,2.764930,3.979143,-68.721024,0
2018-06-29,sh.603339,19.3384380600,20.1135862800,19.3384380600,19.9726502400,19.7411124600,2141800,42286746.0000,3.704519,1,1.172869,26.099300,2.797359,4.025814,-69.527033,0
2018-07-02,sh.603339,19.7511793200,20.1236531400,19.3183043400,19.4894409600,19.9726502400,1656038,32439761.0000,2.864331,1,-2.419353,25.467865,2.729681,3.928415,-67.844927,0
2018-07-03,sh.603339,19.4995078200,19.9625833800,19.2579031800,19.8317142000,19.4894409600,1439625,28073528.0000,2.490017,1,1.756199,25.915131,2.777620,3.997406,-69.036419,0
2018-07-04,sh.603339,19.8317142000,19.8317142000,18.7243596000,18.7545601800,19.8317142000,1714455,32601795.0000,2.965371,1,-5.431480,24.507558,2.626754,3.780288,-65.286725,0
2018-07-05,sh.603339,18.7646270400,18.9659642400,18.3317520600,18.3418189200,18.7545601800,1113200,20678918.0000,1.925423,1,-2.200751,23.968208,2.568946,3.697093,-63.849926,0
2018-07-06,sh.603339,18.3116183400,18.5934904200,17.2344643200,18.3317520600,18.3418189200,1773248,31830793.0000,3.067061,1,-0.054886,23.955053,2.567536,3.695064,-63.814882,0
2018-07-09,sh.603339,18.3216852000,18.6941590200,18.1203480000,18.5532229800,18.3317520600,994890,18337273.0000,1.720790,1,1.208134,24.244460,2.598555,3.739705,-64.585848,0
2018-07-10,sh.603339,18.5834235600,18.9055630800,18.5230224000,18.7545601800,18.5532229800,1004200,18639156.0000,1.736893,1,1.085181,24.507558,2.626754,3.780288,-65.286725,0
2018-07-11,sh.603339,18.4626212400,18.4626212400,17.3754003600,17.7277404600,18.7545601800,1714939,30494931.0000,2.966208,1,-5.475033,23.165760,2.482938,3.573315,-61.712250,0
2018-07-12,sh.603339,17.7982084800,18.3216852000,17.7982084800,18.2411503200,17.7277404600,1295020,23325611.0000,2.239904,1,2.896083,23.836659,2.554846,3.676802,-63.499488,0
2018-07-13,sh.603339,18.1404817200,18.4122869400,18.1404817200,18.2210166000,18.2411503200,823347,14936756.0000,1.424085,1,-0.110378,23.810349,2.552026,3.672743,-63.429400,0
2018-07-16,sh.603339,18.2210166000,18.3418189200,18.1002142800,18.3216852000,18.2210166000,681400,12345546.0000,1.178569,1,0.552488,23.941898,2.566126,3.693035,-63.779839,0
2018-07-17,sh.603339,18.3116183400,18.5834235600,18.1908160200,18.4827549600,18.3216852000,860200,15672288.0000,1.487827,1,0.879120,24.152376,2.588685,3.725501,-64.340540,0
2018-07-18,sh.603339,18.4726881000,19.6303770000,18.3820863600,18.9357636600,18.4827549600,1948478,36708502.0000,3.370144,1,2.450974,24.744346,2.652133,3.816812,-65.917515,0
2018-07-19,sh.603339,18.7243596000,20.1337200000,18.7042258800,20.0833857000,18.9357636600,4410414,86801273.0000,7.628379,1,6.060613,26.244004,2.812869,4.048134,-69.912515,0
2018-07-20,sh.603339,19.6203101400,19.8216473400,19.3183043400,19.6807113000,20.0833857000,2567946,49912593.0000,4.441593,1,-2.005020,25.717808,2.756470,3.966969,-68.510761,0
2018-07-23,sh.603339,20.0160077000,20.1277722100,19.3047790000,19.5384684300,19.6807141700,1917271,37058913.0000,3.316167,1,-0.722774,25.296852,2.711352,3.902036,-67.389357,0
2018-07-24,sh.603339,19.4876663800,19.8229599100,19.3759018700,19.6807141700,19.5384684300,1477350,28528011.0000,2.555267,1,0.728036,25.481020,2.731091,3.930444,-67.879971,0
2018-07-25,sh.603339,19.6807141700,19.7823182700,19.3352602300,19.3759018700,19.6807141700,1375365,26417963.0000,2.378871,1,-1.548793,25.086373,2.688792,3.869570,-66.828655,0
2018-07-26,sh.603339,19.3657414600,19.6908745800,19.2946185900,19.5283080200,19.3759018700,1129679,21644774.0000,1.953925,1,0.786574,25.283697,2.709942,3.900007,-67.354313,0
2018-07-27,sh.603339,19.5384684300,19.5384684300,19.0101271100,19.1015708000,19.5283080200,1361128,25650579.0000,2.354246,1,-2.185224,24.731191,2.650723,3.814783,-65.882471,0
2018-07-30,sh.603339,19.1117312100,19.1117312100,18.2887380000,18.5732294800,19.1015708000,1184906,21793220.0000,2.049447,1,-2.765950,24.047137,2.577406,3.709268,-64.060190,0
2018-07-31,sh.603339,18.6849939900,19.1422124400,18.5427482500,19.0812499800,18.5732294800,1119906,20849592.0000,1.937022,1,2.735229,24.704882,2.647904,3.810725,-65.812383,0
2018-08-01,sh.603339,19.1320520300,19.2844581800,18.7053148100,18.9796458800,19.0812499800,771800,14455072.0000,1.334927,1,-0.532483,24.573333,2.633804,3.790433,-65.461944,0
2018-08-02,sh.603339,18.9491646500,18.9694854700,17.6689529900,18.2074547200,18.9796458800,1363900,24378026.0000,2.359041,1,-4.068523,23.573561,2.526647,3.636219,-62.798610,0
2018-08-03,sh.603339,18.2582567700,18.3192192300,17.7807175000,17.8924820100,18.2074547200,557700,9917408.0000,0.964614,1,-1.729908,23.165760,2.482938,3.573315,-61.712250,0
2018-08-06,sh.603339,17.9839257000,18.1769734900,17.5775093000,17.8416799600,17.8924820100,756800,13310351.0000,1.308983,1,-0.283936,23.099985,2.475888,3.563170,-61.537031,0
2018-08-07,sh.603339,17.8620007800,18.2582567700,17.6892738100,18.2480963600,17.8416799600,743719,13192813.0000,1.286358,1,2.277902,23.626181,2.532287,3.644335,-62.938786,0
2018-08-08,sh.603339,18.1160110300,18.4208233300,17.7807175000,17.9534444700,18.2480963600,724900,12893180.0000,1.253808,1,-1.614694,23.244689,2.491398,3.585490,-61.922514,0
2018-08-09,sh.603339,17.8924820100,18.6646731700,17.7908779100,18.5529086600,17.9534444700,1284837,23301947.0000,2.222291,1,3.338993,24.020827,2.574586,3.705210,-63.990102,0
2018-08-10,sh.603339,18.7459564500,18.7967585000,18.3497004600,18.4614649700,18.5529086600,734810,13375688.0000,1.270949,1,-0.492881,23.902433,2.561896,3.686947,-63.674707,0
2018-08-13,sh.603339,18.3801816900,18.4919462000,18.0855298000,18.4817857900,18.4614649700,557300,10017869.0000,0.963922,1,0.110074,23.928743,2.564716,3.691006,-63.744795,0
2018-08-14,sh.603339,18.3192192300,19.2844581800,18.3192192300,18.9694854700,18.4817857900,1637272,30413614.0000,2.831873,1,2.638810,24.560178,2.632394,3.788404,-65.426900,0
2018-08-15,sh.603339,18.7967585000,18.9288438300,18.2785775900,18.3090588200,18.9694854700,945145,17232928.0000,1.634750,1,-3.481519,23.705110,2.540747,3.656510,-63.149049,0
2018-08-16,sh.603339,18.0347277500,18.2887380000,17.7299154500,17.9534444700,18.3090588200,686445,12180604.0000,1.187295,1,-1.942289,23.244689,2.491398,3.585490,-61.922514,0
2018-08-17,sh.603339,17.9636048800,18.2684171800,17.6587925800,17.6994342200,17.9534444700,709400,12473753.0000,1.226999,1,-1.414827,22.915817,2.456149,3.534762,-61.046417,0
2018-08-20,sh.603339,17.6791134000,18.1464922600,17.6283113500,18.0855298000,17.6994342200,834779,14748282.0000,1.443858,1,2.181396,23.415702,2.509728,3.611869,-62.378084,0
2018-08-21,sh.603339,18.3903421000,19.0914103900,18.2887380000,18.6138711200,18.0855298000,1597900,29263694.0000,2.763774,1,2.921351,24.099757,2.583045,3.717384,-64.200365,0
2018-08-22,sh.603339,18.3497004600,18.4309837400,18.1261714400,18.1769734900,18.6138711200,879328,15780344.0000,1.520911,1,-2.347163,20.414360,2.453719,3.442243,-23.555841,0
2018-08-23,sh.603339,18.4919462000,18.4919462000,18.1464922600,18.3192192300,18.1769734900,766233,13799915.0000,1.325299,1,0.782567,20.574115,2.472921,3.469180,-23.740180,0
2018-08-24,sh.603339,18.2887380000,18.4411441500,18.1058506200,18.1363318500,18.3192192300,590854,10617535.0000,1.021958,1,-0.998338,20.368716,2.448233,3.434546,-23.503173,0
2018-08-27,sh.603339,18.2785775900,18.5427482500,18.2379359500,18.5224274300,18.1363318500,1256537,22765700.0000,2.173343,1,2.128847,20.802336,2.500352,3.507663,-24.003521,0
2018-08-28,sh.603339,18.4309837400,18.8780417800,18.3395400500,18.6138711200,18.5224274300,1150450,21097448.0000,1.989851,1,0.493692,20.905035,2.512696,3.524980,-24.122024,0
2018-08-29,sh.603339,18.5325878400,18.7865980900,18.2582567700,18.2887380000,18.6138711200,984000,17846139.0000,1.701955,1,-1.746723,20.539882,2.468806,3.463408,-23.700679,0
2018-08-30,sh.603339,18.3090588200,18.5833898900,18.0956902100,18.1363318500,18.2887380000,1020000,18406049.0000,1.764221,1,-0.833331,20.368716,2.448233,3.434546,-23.503173,0
2018-08-31,sh.603339,18.0347277500,18.1363318500,17.6791134000,17.8010383200,18.1363318500,805944,14167101.0000,1.393984,1,-1.848739,19.992152,2.402972,3.371050,-23.068661,0
2018-09-03,sh.603339,17.7603966800,17.7705570900,17.1202908500,17.3946219200,17.8010383200,967354,16521074.0000,1.673163,1,-2.283103,19.535710,2.348109,3.294086,-22.541979,0
2018-09-04,sh.603339,17.4047823300,17.5775093000,17.2422157700,17.4454239700,17.3946219200,754700,12922981.0000,1.305351,1,0.292052,19.592765,2.354967,3.303706,-22.607814,0
2018-09-05,sh.603339,17.4352635600,17.4962260200,17.0999700300,17.0999700300,17.4454239700,714300,12143074.0000,1.235474,1,-1.980199,19.204790,2.308334,3.238286,-22.160135,0
2018-09-06,sh.603339,17.0796492100,17.3234990500,16.9170826500,17.2320553600,17.0999700300,780800,13190774.0000,1.350494,1,0.772425,19.353133,2.326164,3.263300,-22.331306,0
2018-09-07,sh.603339,17.2320553600,17.3844615100,17.0491679800,17.2625365900,17.2320553600,698500,11852566.0000,1.208146,1,0.176891,19.387366,2.330279,3.269072,-22.370807,0
2018-09-10,sh.603339,17.2218949500,17.2218949500,16.7951577300,16.8459597800,17.2625365900,866800,14442384.0000,1.499242,1,-2.413183,18.919514,2.274045,3.190183,-21.830958,0
2018-09-11,sh.603339,17.2218949500,17.2218949500,16.7951577300,17.0694888000,16.8459597800,470400,7862685.0000,0.813617,1,1.326896,19.165101,2.303564,3.231594,-22.114338,0
2018-09-12,sh.603339,17.0999700300,17.1406116700,16.8866014200,17.0186867500,17.0694888000,413600,6924291.0000,0.715374,1,-0.297615,19.108062,2.296708,3.221976,-22.048521,0
2018-09-13,sh.603339,17.1202908500,17.1914137200,16.9678847000,17.0694888000,17.0186867500,490500,8247940.0000,0.848383,1,0.298503,19.165101,2.303564,3.231594,-22.114338,0
2018-09-14,sh.603339,17.0694888000,17.1609324900,16.9475638800,16.9475638800,17.0694888000,349300,5865811.0000,0.604159,1,-0.714279,19.028207,2.287110,3.208511,-21.956378,0
2018-09-17,sh.603339,17.0288471600,17.0898096200,16.5817891200,16.6427515800,16.9475638800,496300,8195270.0000,0.858415,1,-1.798568,18.685973,2.245974,3.150804,-21.561479,0
2018-09-18,sh.603339,16.6630724000,16.9475638800,16.6427515800,16.9374034700,16.6427515800,414351,6851889.0000,0.716673,1,1.770457,19.016799,2.285738,3.206588,-21.943215,0
2018-09-19,sh.603339,16.9374034700,17.1202908500,16.8561201900,17.0491679800,16.9374034700,804151,13462545.0000,1.390883,1,0.659872,19.142285,2.300821,3.227747,-22.088011,0
2018-09-20,sh.603339,17.0796492100,17.1914137200,16.8459597800,16.8866014200,17.0491679800,688300,11519595.0000,1.190503,1,-0.953515,18.959760,2.278883,3.196970,-21.877399,0
2018-09-21,sh.603339,16.9475638800,17.1710929000,16.8764410100,17.1304512600,16.8866014200,732589,12305228.0000,1.267107,1,1.444042,19.233547,2.311791,3.243135,-22.193318,0
2018-09-25,sh.603339,17.0999700300,17.2930178200,16.8967618300,17.1609324900,17.1304512600,627089,10606269.0000,1.084631,1,0.177929,19.267771,2.315904,3.248906,-22.232808,0
2018-09-26,sh.603339,17.1609324900,17.4759052000,17.0796492100,17.3031782300,17.1609324900,711117,12103658.0000,1.229968,1,0.828901,19.427480,2.335100,3.275836,-22.417094,0
2018-09-27,sh.603339,17.3844615100,17.3844615100,16.8662806000,16.8662806000,17.3031782300,833600,14087282.0000,1.441819,1,-2.524958,18.936945,2.276140,3.193123,-21.851072,0
2018-09-28,sh.603339,16.9983659300,17.1609324900,16.9069222400,17.1101304400,16.8662806000,632200,10581233.0000,1.093471,1,1.445782,19.210732,2.309048,3.239288,-22.166991,0
2018-10-08,sh.603339,16.9882055200,17.0390075700,16.2363351800,16.2566560000,17.1101304400,1055043,17265350.0000,1.824833,1,-4.988124,18.252477,2.193870,3.077709,-21.061274,0
2018-10-09,sh.603339,16.4598642000,16.5919495300,16.1855331300,16.2464955900,16.2566560000,775444,12498486.0000,1.341230,1,-0.062501,18.241069,2.192499,3.075785,-21.048111,0
2018-10-10,sh.603339,16.3379392800,16.6224307600,16.3176184600,16.5106662500,16.2464955900,832550,13527369.0000,1.440002,1,1.626018,18.537672,2.228149,3.125798,-21.390357,0
2018-10-11,sh.603339,16.0432873900,16.2160143600,14.8646798300,14.9459631100,16.5106662500,1564995,23656604.0000,2.706860,1,-9.476923,16.780871,2.016989,2.829568,-19.363209,0
2018-10-12,sh.603339,14.5598675300,14.9154818800,14.0213658000,14.5395467100,14.9459631100,1295244,18403730.0000,2.240291,1,-2.719236,16.324559,1.962143,2.752626,-18.836677,0
2018-10-15,sh.603339,14.5903487600,14.9358027000,14.2347344100,14.3261781000,14.5395467100,859300,12338365.0000,1.486270,1,-1.467505,16.084995,1.933348,2.712231,-18.560248,0
2018-10-16,sh.603339,14.4176217900,14.5801883500,14.0518470300,14.0721678500,14.3261781000,632200,8860955.0000,1.093471,1,-1.773050,15.799800,1.899069,2.664142,-18.231165,0
2018-10-17,sh.603339,14.4785842500,14.4785842500,13.7978367800,14.1534511300,14.0721678500,1010207,14090734.0000,1.747283,1,0.577617,15.891063,1.910038,2.679530,-18.336472,0
2018-10-18,sh.603339,14.1026490800,14.2753760500,13.7267139100,14.1229699000,14.1534511300,843481,11649853.0000,1.458909,1,-0.215367,15.856839,1.905925,2.673759,-18.296982,0
2018-10-19,sh.603339,13.8283180100,14.4277822000,13.6759118600,14.3261781000,14.1229699000,828615,11608064.0000,1.433196,1,1.438854,16.084995,1.933348,2.712231,-18.560248,0
2018-10-22,sh.603339,14.6106695800,15.3422191000,14.2753760500,15.1390109000,14.3261781000,1845060,27206933.0000,3.191269,1,5.673753,16.997619,2.043042,2.866116,-19.613312,0
2018-10-23,sh.603339,15.2304545900,15.2304545900,14.7529153200,14.7833965500,15.1390109000,904797,13348254.0000,1.564963,1,-2.348989,15.436545,1.913500,2.608832,-8.450392,0
2018-10-24,sh.603339,14.8138777800,15.4946252500,14.7325945000,15.0170859800,14.7833965500,965563,14404153.0000,1.670066,1,1.580753,15.680559,1.943747,2.650071,-8.583972,0
2018-10-25,sh.603339,14.6513112200,15.1999733600,14.5598675300,15.1186900800,15.0170859800,790690,11555229.0000,1.367600,1,0.676593,15.786653,1.956898,2.668002,-8.642050,0
2018-10-26,sh.603339,15.1898129500,15.4031815600,14.9662839300,15.1186900800,15.1186900800,735263,10989138.0000,1.271732,1,0.000000,15.786653,1.956898,2.668002,-8.642050,0
2018-10-29,sh.603339,15.0170859800,15.1085296700,14.8037173700,15.0069255700,15.1186900800,501388,7374203.0000,0.867215,1,-0.739245,15.668649,1.942271,2.648059,-8.577452,0
2018-10-30,sh.603339,15.0678880300,15.2710962300,14.8443590100,15.1593317200,15.0069255700,651012,9687701.0000,1.126009,1,1.015569,15.827776,1.961996,2.674951,-8.664562,0
2018-10-31,sh.603339,15.1593317200,15.3930211500,15.0678880300,15.3015774600,15.1593317200,660270,9941165.0000,1.142022,1,0.938340,15.976294,1.980406,2.700052,-8.745865,0
2018-11-01,sh.603339,15.4133419700,15.5759085300,15.2710962300,15.3218982800,15.3015774600,1010621,15337177.0000,1.747999,1,0.132799,15.997510,1.983036,2.703637,-8.757480,0
2018-11-02,sh.603339,15.5759085300,15.6978334500,15.4133419700,15.6978334500,15.3218982800,1140103,17470631.0000,1.971955,1,2.453580,16.390022,2.031692,2.769973,-8.972352,0
2018-11-05,sh.603339,15.7384750900,15.9010416500,15.3828607400,15.5657481200,15.6978334500,1152513,17707988.0000,1.993420,1,-0.841425,16.252113,2.014596,2.746666,-8.896856,0
2018-11-06,sh.603339,15.5454273000,15.5657481200,15.2812566400,15.4844648400,15.5657481200,719852,10923828.0000,1.245077,1,-0.522193,16.167245,2.004076,2.732323,-8.850397,0
2018-11-07,sh.603339,15.4438232000,15.7384750900,15.3930211500,15.3930211500,15.4844648400,673098,10297728.0000,1.164210,1,-0.590552,16.071769,1.992241,2.716187,-8.798131,0
2018-11-08,sh.603339,15.5251064800,15.5962293500,15.3422191000,15.3523795100,15.3930211500,879942,13404658.0000,1.521973,1,-0.264026,16.029336,1.986981,2.709016,-8.774902,0
2018-11-09,sh.603339,15.1491713100,15.5962293500,15.1085296700,15.2710962300,15.3523795100,810439,12217152.0000,1.401759,1,-0.529450,15.944468,1.976461,2.694673,-8.728443,0
2018-11-12,sh.603339,15.2406150000,15.8705604200,15.1186900800,15.8095979600,15.2710962300,1378671,21283608.0000,2.384589,1,3.526285,16.506715,2.046157,2.789695,-9.036232,0
2018-11-13,sh.603339,15.6775126300,16.0737686200,15.4641440200,15.8908812400,15.8095979600,1318891,20523823.0000,2.281192,1,0.514138,16.591582,2.056677,2.804038,-9.082691,0
2018-11-14,sh.603339,15.8604000100,16.1753727200,15.7689563200,15.9010416500,15.8908812400,1123943,17643451.0000,1.944004,1,0.063934,16.602191,2.057992,2.805830,-9.088499,0
2018-11-15,sh.603339,15.8705604200,16.3074580500,15.7994375500,16.2668164100,15.9010416500,1217505,19305162.0000,2.105832,1,2.300323,16.984094,2.105332,2.870374,-9.297563,0
2018-11-16,sh.603339,16.3480996900,16.7240348600,16.2769768200,16.5411474800,16.2668164100,1420858,23081266.0000,2.457557,1,1.686449,17.270522,2.140838,2.918781,-9.454362,0
2018-11-19,sh.603339,16.5411474800,16.7240348600,16.2668164100,16.6529119900,16.5411474800,1251494,20295742.0000,2.164620,1,0.675668,17.387215,2.155303,2.938502,-9.518242,0
2018-11-20,sh.603339,16.6224307600,16.6427515800,16.1042498500,16.1144102600,16.6529119900,1028645,16597390.0000,1.779174,1,-3.233678,16.824968,2.085607,2.843481,-9.210453,0
2018-11-21,sh.603339,16.0737686200,16.5309870700,15.9315228800,16.5106662500,16.1144102600,1016212,16291258.0000,1.757669,1,2.459019,17.238697,2.136892,2.913402,-9.436939,0
2018-11-22,sh.603339,16.5309870700,16.6427515800,16.4192225600,16.4497037900,16.5106662500,654245,10642319.0000,1.131601,1,-0.369227,17.175046,2.129002,2.902645,-9.402095,0
2018-11-23,sh.603339,16.4293829700,16.4497037900,15.5454273000,15.5454273000,16.4497037900,1065663,16744187.0000,1.843201,1,-5.497222,16.230896,2.011966,2.743080,-8.885241,0
2018-11-26,sh.603339,15.4539836100,15.7994375500,15.4539836100,15.5860689400,15.5454273000,653820,10090879.0000,1.130866,1,0.261438,16.273330,2.017227,2.750252,-8.908471,0
2018-11-27,sh.603339,15.7791167300,16.2160143600,15.7791167300,16.1753727200,15.5860689400,782953,12344326.0000,1.354218,1,3.780964,16.888618,2.093497,2.854238,-9.245297,0
2018-11-28,sh.603339,16.1753727200,16.9272430600,16.0331269800,16.9170826500,16.1753727200,1883171,30780282.0000,3.257187,1,4.585424,17.663034,2.189493,2.985117,-9.669233,0
2018-11-29,sh.603339,17.0186867500,17.1406116700,16.3887413300,16.5106662500,16.9170826500,2586638,42729465.0000,4.473923,1,-2.402400,17.238697,2.136892,2.913402,-9.436939,0
2018-11-30,sh.603339,16.5309870700,17.2422157700,16.3582601000,17.1406116700,16.5106662500,2507527,41594042.0000,4.337091,1,3.815390,17.896419,2.218423,3.024560,-9.796995,0
2018-12-03,sh.603339,17.7603966800,18.0652089800,17.1914137200,17.6791134000,17.1406116700,3287062,56944788.0000,5.685397,1,3.141664,18.458666,2.288119,3.119581,-10.104784,0
2018-12-04,sh.603339,17.5470280700,18.1363318500,17.5470280700,17.8315195500,17.6791134000,2945913,51710569.0000,5.095336,1,0.862067,18.617792,2.307844,3.146474,-10.191895,0
2018-12-05,sh.603339,17.4352635600,17.7502362700,17.3336594600,17.4962260200,17.8315195500,1793300,30905163.0000,3.101743,1,-1.880342,18.267714,2.264449,3.087310,-10.000252,0
2018-12-06,sh.603339,17.4657447900,17.6791134000,17.2218949500,17.3946219200,17.4962260200,1367371,23499740.0000,2.365044,1,-0.580711,18.161630,2.251298,3.069381,-9.942179,0
2018-12-07,sh.603339,17.4759052000,17.8416799600,17.3133386400,17.4149427400,17.3946219200,1270524,21959967.0000,2.197535,1,0.116814,18.182847,2.253928,3.072967,-9.953793,0
2018-12-10,sh.603339,17.2930178200,17.5267072500,17.1710929000,17.3539802800,17.4149427400,789540,13481067.0000,1.365611,1,-0.350055,18.119196,2.246038,3.062210,-9.918949,0
2018-12-11,sh.603339,17.1507720800,17.4555843800,17.0694888000,17.1710929000,17.3539802800,608817,10334067.0000,1.053027,1,-1.053866,17.928244,2.222368,3.029938,-9.814417,0
2018-12-12,sh.603339,17.3539802800,17.8924820100,17.3539802800,17.6994342200,17.1710929000,1593838,27734503.0000,2.756748,1,3.076926,18.479883,2.290749,3.123167,-10.116399,0
2018-12-13,sh.603339,17.7197550400,17.7197550400,17.3336594600,17.4454239700,17.6994342200,1085208,18695066.0000,1.877007,1,-1.435132,18.214672,2.257873,3.078346,-9.971215,0
2018-12-14,sh.603339,17.5063864300,17.5063864300,16.8662806000,16.8866014200,17.4454239700,1015845,17147550.0000,1.757035,1,-3.203257,17.631208,2.185548,2.979738,-9.651811,0
2018-12-17,sh.603339,16.8866014200,17.0491679800,16.6935536300,16.8561201900,16.8866014200,687300,11413953.0000,1.188774,1,-0.180509,17.599383,2.181603,2.974360,-9.634389,0
2018-12-18,sh.603339,16.7545160900,17.2422157700,16.6122703500,16.9577242900,16.8561201900,820608,13664060.0000,1.419347,1,0.602775,17.705467,2.194753,2.992288,-9.692463,0
2018-12-19,sh.603339,16.9170826500,17.0491679800,16.8053181400,16.9577242900,16.9577242900,667522,11137359.0000,1.154565,1,0.000000,17.705467,2.194753,2.992288,-9.692463,0
2018-12-20,sh.603339,16.8866014200,17.0593283900,16.6630724000,16.9983659300,16.9577242900,819515,13632916.0000,1.417457,1,0.239658,17.747901,2.200013,2.999460,-9.715692,0
2018-12-21,sh.603339,16.9475638800,17.0796492100,16.6224307600,16.7748369100,16.9983659300,549798,9124613.0000,0.950946,1,-1.314999,17.514516,2.171083,2.960017,-9.587930,0
2018-12-24,sh.603339,16.7748369100,17.0085263400,16.7341952700,16.8561201900,16.7748369100,384900,6385071.0000,0.665734,1,0.484554,17.599383,2.181603,2.974360,-9.634389,0
2018-12-25,sh.603339,16.5614683000,16.8053181400,16.0331269800,16.2769768200,16.8561201900,739516,11861866.0000,1.279088,1,-3.435803,16.994703,2.106647,2.872166,-9.303370,0
2018-12-26,sh.603339,16.3582601000,17.6079905300,16.3074580500,17.3234990500,16.2769768200,4222662,71571147.0000,7.303638,1,6.429455,18.087371,2.242093,3.056831,-9.901527,0
2018-12-27,sh.603339,17.2726970000,17.2726970000,16.1550519000,16.1550519000,17.3234990500,3837174,62814240.0000,6.636886,1,-6.744866,16.867402,2.090867,2.850652,-9.233682,0
2018-12-28,sh.603339,15.8502396000,16.0636082100,15.1390109000,15.1898129500,16.1550519000,2028508,30913549.0000,3.508566,1,-5.974842,15.859601,1.965941,2.680330,-8.681984,0
2019-01-02,sh.603339,15.0577276200,15.3117378700,14.9459631100,14.9866047500,15.1898129500,965942,14356095.0000,1.670721,1,-1.337791,15.647432,1.939641,2.644473,-8.565837,0
2019-01-03,sh.603339,14.9866047500,15.3015774600,14.8951610600,15.2812566400,14.9866047500,1168924,17366471.0000,2.021805,1,1.966102,15.955077,1.977776,2.696466,-8.734250,0
2019-01-04,sh.603339,15.0374068000,16.2769768200,14.8443590100,16.2668164100,15.2812566400,2485766,38628366.0000,4.299452,1,6.449470,16.984094,2.105332,2.870374,-9.297563,0
2019-01-07,sh.603339,16.2058539500,17.8010383200,16.1347310800,17.0898096200,16.2668164100,6594050,110032698.0000,11.405259,1,5.059335,17.843377,2.211848,3.015595,-9.767958,0
2019-01-08,sh.603339,16.9374034700,16.9577242900,16.1042498500,16.2566560000,17.0898096200,3681320,59404895.0000,6.367317,1,-4.875147,16.973486,2.104017,2.868581,-9.291756,0
2019-01-09,sh.603339,16.2566560000,16.5208266600,15.9823249300,16.0128061600,16.2566560000,1896200,30459719.0000,3.279722,1,-1.499999,16.718884,2.072457,2.825552,-9.152379,0
2019-01-10,sh.603339,15.9721645200,16.1347310800,15.8807208300,16.0636082100,16.0128061600,1123961,17717496.0000,1.944035,1,0.317260,16.771926,2.079032,2.834516,-9.181416,0
2019-01-11,sh.603339,15.7892771400,16.1347310800,15.7892771400,16.0331269800,16.0636082100,1251487,19694744.0000,2.164608,1,-0.189758,16.740100,2.075087,2.829138,-9.163994,0
2019-01-14,sh.603339,16.0737686200,16.1042498500,15.6063897600,15.6876730400,16.0331269800,1058228,16508351.0000,1.830342,1,-2.154627,16.379414,2.030377,2.768180,-8.966544,0
2019-01-15,sh.603339,15.7079938600,16.0331269800,15.7079938600,16.0026457500,15.6876730400,1036200,16252371.0000,1.792241,1,2.007775,16.708275,2.071142,2.823759,-9.146572,0
2019-01-16,sh.603339,16.0128061600,16.2261747700,15.9823249300,16.0534478000,16.0026457500,700400,11085608.0000,1.211432,1,0.317462,16.761317,2.077717,2.832723,-9.175609,0
2019-01-17,sh.603339,15.9721645200,16.1448914900,15.7689563200,15.8197583700,16.0534478000,685400,10757329.0000,1.185488,1,-1.455699,16.517323,2.047472,2.791488,-9.042040,0
2019-01-18,sh.603339,15.8705604200,16.1042498500,15.8604000100,16.0331269800,15.8197583700,593798,9355618.0000,1.027050,1,1.348748,16.740100,2.075087,2.829138,-9.163994,0
2019-01-21,sh.603339,15.9620041100,16.2769768200,15.9518437000,16.0737686200,16.0331269800,730900,11597455.0000,1.264186,1,0.253485,16.782534,2.080347,2.836309,-9.187224,0
2019-01-22,sh.603339,16.1144102600,16.2261747700,15.7486355000,15.7791167300,16.0737686200,684760,10746678.0000,1.184381,1,-1.833122,16.474890,2.042212,2.784316,-9.018810,0
2019-01-23,sh.603339,15.7791167300,16.0331269800,15.6775126300,15.9721645200,15.7791167300,574290,9001554.0000,0.993308,1,1.223442,16.676450,2.067197,2.818381,-9.129150,0
2019-01-24,sh.603339,16.0128061600,16.3785809200,15.9213624700,16.1550519000,15.9721645200,1102000,17627420.0000,1.906051,1,1.145034,16.867402,2.090867,2.850652,-9.233682,0
2019-01-25,sh.603339,16.2363351800,16.3176184600,15.9518437000,15.9518437000,16.1550519000,905400,14325083.0000,1.566006,1,-1.257860,16.655233,2.064567,2.814795,-9.117535,0
2019-01-28,sh.603339,15.9620041100,16.1448914900,15.7791167300,15.8604000100,15.9518437000,483100,7600400.0000,0.835584,1,-0.573249,16.559757,2.052732,2.798659,-9.065269,0
2019-01-29,sh.603339,15.8095979600,15.9112020600,14.2855364600,15.2507754100,15.8604000100,899597,13605787.0000,1.555969,1,-3.843686,15.923251,1.973831,2.691087,-8.716828,0
2019-01-30,sh.603339,15.2609358200,15.7384750900,15.2609358200,15.4641440200,15.2507754100,765021,11725671.0000,1.323202,1,1.399068,16.146028,2.001446,2.728737,-8.838783,0
2019-01-31,sh.603339,15.4438232000,15.7283146800,15.1186900800,15.2101337700,15.4641440200,685724,10368793.0000,1.186048,1,-1.642576,15.880818,1.968571,2.683916,-8.693599,0
2019-02-01,sh.603339,15.1491713100,15.9112020600,15.1491713100,15.7486355000,15.2101337700,812698,12560079.0000,1.405666,1,3.540412,16.443064,2.038267,2.778938,-9.001388,0
2019-02-11,sh.603339,15.9620041100,16.2160143600,15.8095979600,16.1245706700,15.7486355000,685900,10848530.0000,1.186352,1,2.387096,16.835576,2.086922,2.845273,-9.216260,0
2019-02-12,sh.603339,16.1956935400,16.4090621500,16.0229665700,16.1347310800,16.1245706700,1383365,22045908.0000,2.392708,1,0.063013,16.846185,2.088237,2.847066,-9.222068,0
2019-02-13,sh.603339,16.1347310800,16.3785809200,16.0534478000,16.2363351800,16.1347310800,1799408,28719179.0000,3.112308,1,0.629719,16.952269,2.101387,2.864995,-9.280141,0
2019-02-14,sh.603339,16.2566560000,16.5513078900,16.2160143600,16.4090621500,16.2363351800,1295400,20943421.0000,2.240561,1,1.063830,17.132612,2.123742,2.895474,-9.378866,0
2019-02-15,sh.603339,16.4090621500,17.2523761800,16.2668164100,16.6021099400,16.4090621500,2625462,43314573.0000,4.541075,1,1.176474,17.334172,2.148728,2.929538,-9.489206,0
2019-02-18,sh.603339,16.9170826500,17.0288471600,16.6224307600,16.9374034700,16.6021099400,2318443,38393873.0000,4.010046,1,2.019583,17.684251,2.192123,2.988702,-9.680848,0
2019-02-19,sh.603339,17.0898096200,17.0999700300,16.6529119900,16.8256389600,16.9374034700,2135800,35492794.0000,3.694141,1,-0.659872,17.567558,2.177658,2.968981,-9.616967,0
2019-02-20,sh.603339,17.0085263400,17.2422157700,16.8459597800,16.9678847000,16.8256389600,1757413,29441612.0000,3.039672,1,0.845418,17.716076,2.196068,2.994081,-9.698270,0
2019-02-21,sh.603339,16.8662806000,17.2523761800,16.6630724000,16.7646765000,16.9678847000,2351900,39377897.0000,4.067914,1,-1.197609,17.503907,2.169768,2.958224,-9.582123,0
2019-02-22,sh.603339,16.7646765000,17.0593283900,16.7341952700,17.0390075700,16.7646765000,1622170,27068538.0000,2.805752,1,1.636366,17.790335,2.205273,3.006631,-9.738922,0
2019-02-25,sh.603339,17.1202908500,17.9737652900,17.1202908500,17.9737652900,17.0390075700,3511572,60732391.0000,6.073716,1,5.485987,18.766310,2.326254,3.171575,-10.273197,0
2019-02-26,sh.603339,17.9737652900,17.9737652900,17.4860656100,17.6486321700,17.9737652900,2782797,48539861.0000,4.813206,1,-1.808930,18.426841,2.284174,3.114203,-10.087362,0
2019-02-27,sh.603339,17.5876697100,17.7807175000,17.3031782300,17.4454239700,17.6486321700,1953700,33771889.0000,3.379176,1,-1.151415,18.214672,2.257873,3.078346,-9.971215,0
2019-02-28,sh.603339,17.4555843800,18.0347277500,17.4454239700,17.8315195500,17.4454239700,2480041,43256989.0000,4.289550,1,2.213157,18.617792,2.307844,3.146474,-10.191895,0
2019-03-01,sh.603339,18.2379359500,18.6748335800,17.9331236500,18.4208233300,17.8315195500,4187794,75754878.0000,7.243329,1,3.304843,19.233081,2.384115,3.250460,-10.528721,0
2019-03-04,sh.603339,18.6849939900,18.7459564500,18.2074547200,18.3090588200,18.4208233300,3854168,69873839.0000,6.666280,1,-0.606722,19.116388,2.369649,3.230739,-10.464840,0
2019-03-05,sh.603339,18.2684171800,18.5833898900,18.0753693900,18.5224274300,18.3090588200,2301858,41636444.0000,3.981360,1,1.165367,19.339165,2.397265,3.268389,-10.586794,0
2019-03-06,sh.603339,18.5122670200,18.7256356300,18.4005025100,18.6951544000,18.5224274300,2555209,46674459.0000,4.419563,1,0.932529,19.519509,2.419620,3.298868,-10.685519,0
2019-03-07,sh.603339,18.6849939900,19.1828540800,18.4411441500,18.9085230100,18.6951544000,3073976,56879075.0000,5.316837,1,1.141310,19.742286,2.447235,3.336518,-10.807473,0
2019-03-08,sh.603339,18.6545127600,18.7967585000,17.6994342200,17.6994342200,18.9085230100,3899517,70304683.0000,6.744717,1,-6.394414,18.479883,2.290749,3.123167,-10.116399,0
2019-03-11,sh.603339,17.7908779100,18.4106629200,17.6791134000,18.4106629200,17.6994342200,3171789,56315377.0000,5.486017,1,4.018374,19.222473,2.382799,3.248668,-10.522913,0
2019-03-12,sh.603339,18.6545127600,19.1218916200,18.5427482500,18.7561168600,18.4106629200,3519170,65011491.0000,6.086858,1,1.876370,19.583159,2.427510,3.309625,-10.720363,0
2019-03-13,sh.603339,18.9999667000,19.3047790000,18.5935503000,18.5935503000,18.7561168600,3186901,59648354.0000,5.512156,1,-0.866738,19.413424,2.406470,3.280939,-10.627446,0
2019-03-14,sh.603339,18.3090588200,18.7967585000,17.8823216000,18.0550485700,18.5935503000,2108358,37699516.0000,3.646677,1,-2.896168,18.851178,2.336774,3.185917,-10.319656,0
2019-03-15,sh.603339,18.1058506200,18.4716253800,18.1058506200,18.3090588200,18.0550485700,1470483,26493109.0000,2.543390,1,1.406865,19.116388,2.369649,3.230739,-10.464840,0
2019-03-18,sh.603339,18.5122670200,19.1625332600,18.2074547200,19.0304479300,18.3090588200,2766371,51276276.0000,4.784795,1,3.940062,19.869587,2.463015,3.358032,-10.877162,0
2019-03-19,sh.603339,19.0812499800,19.2234957200,18.9288438300,19.2031749000,19.0304479300,1888286,35435547.0000,3.266034,1,0.907635,20.049930,2.485370,3.388511,-10.975887,0
2019-03-20,sh.603339,19.2844581800,19.5587892500,18.8170793200,19.1015708000,19.2031749000,1968860,37026576.0000,3.405397,1,-0.529103,19.943846,2.472220,3.370582,-10.917813,0
2019-03-21,sh.603339,19.1117312100,19.4063831000,19.0202875200,19.1422124400,19.1015708000,1987975,37594043.0000,3.438459,1,0.212771,19.986280,2.477480,3.377754,-10.941042,0
2019-03-22,sh.603339,19.0304479300,19.4470247400,18.9999667000,19.3555810500,19.1422124400,1934984,36660000.0000,3.346804,1,1.114645,20.209057,2.505096,3.415404,-11.062997,0
2019-03-25,sh.603339,19.0507687500,19.5587892500,18.8577209600,19.4978267900,19.3555810500,2325275,44305868.0000,4.021863,1,0.734915,20.357575,2.523506,3.440504,-11.144300,0
2019-03-26,sh.603339,19.7518370400,19.7518370400,18.8780417800,19.0101271100,19.4978267900,3606639,68311865.0000,6.238147,1,-2.501310,19.848370,2.460385,3.354447,-10.865547,0
2019-03-27,sh.603339,19.2234957200,19.3047790000,18.4005025100,18.7865980900,19.0101271100,2394700,44283216.0000,4.141942,1,-1.175838,19.614985,2.431455,3.315004,-10.737785,0
2019-03-28,sh.603339,18.7459564500,19.5181476100,18.6240315300,19.3352602300,18.7865980900,3019222,57164870.0000,5.222133,1,2.920503,20.187840,2.502465,3.411818,-11.051382,0
2019-03-29,sh.603339,18.7459564500,18.7459564500,17.6587925800,18.5630690700,19.3352602300,5147865,92398282.0000,8.903895,1,-3.993695,21.129496,2.340279,3.128949,-14.069466,0
2019-04-01,sh.603339,18.4411441500,18.8170793200,18.3090588200,18.6545127600,18.5630690700,5360749,98248650.0000,9.272106,1,0.492612,21.233582,2.351808,3.144363,-14.138774,0
2019-04-02,sh.603339,18.7357960400,18.9694854700,18.6646731700,18.8780417800,18.6545127600,3482458,64555201.0000,6.023360,1,1.198253,21.488015,2.379988,3.182040,-14.308193,0
2019-04-03,sh.603339,18.8780417800,19.0914103900,18.6037107100,19.0406083400,18.8780417800,2975599,55091824.0000,5.146682,1,0.861140,21.673057,2.400483,3.209442,-14.431406,0
2019-04-04,sh.603339,19.4063831000,19.4165435100,18.7053148100,18.8678813700,19.0406083400,2543326,47513533.0000,4.399010,1,-0.907151,21.476450,2.378707,3.180328,-14.300492,0
2019-04-08,sh.603339,19.1015708000,19.1015708000,18.4716253800,18.6240315300,18.8678813700,2536707,46848750.0000,4.387561,1,-1.292406,21.198887,2.347965,3.139225,-14.115671,0
2019-04-09,sh.603339,18.6545127600,18.7357960400,18.4005025100,18.6646731700,18.6240315300,1635069,29874871.0000,2.828062,1,0.218226,21.245147,2.353089,3.146075,-14.146475,0
2019-04-10,sh.603339,18.6341919400,18.6341919400,18.2379359500,18.4614649700,18.6646731700,1895564,34351543.0000,3.278622,1,-1.088736,21.013845,2.327470,3.111823,-13.992458,0
2019-04-11,sh.603339,18.4513045600,18.7256356300,18.2988984100,18.3700212800,18.4614649700,1454638,26505969.0000,2.515984,1,-0.495323,20.909758,2.315941,3.096409,-13.923150,0
2019-04-12,sh.603339,18.3801816900,18.4309837400,18.0042465200,18.1871339000,18.3700212800,1378900,24646456.0000,2.384985,1,-0.995577,20.701586,2.292884,3.065582,-13.784534,0
2019-04-15,sh.603339,18.2887380000,18.4817857900,17.8721611900,17.9636048800,18.1871339000,1345475,24200315.0000,2.327172,1,-1.229046,20.447153,2.264704,3.027905,-13.615116,0
2019-04-16,sh.603339,18.0042465200,18.2684171800,17.7807175000,18.2582567700,17.9636048800,1247000,22063741.0000,2.156847,1,1.640266,20.782542,2.301851,3.077571,-13.838440,0
2019-04-17,sh.603339,18.2480963600,18.4919462000,18.1769734900,18.4208233300,18.2582567700,1390182,25153625.0000,2.392704,1,0.890372,20.967584,2.322346,3.104973,-13.961654,0
2019-04-18,sh.603339,18.3903421000,18.4614649700,18.1871339000,18.2176151300,18.4208233300,1100000,19816695.0000,1.893259,1,-1.103138,20.736281,2.296727,3.070720,-13.807637,0
2019-04-19,sh.603339,18.2887380000,18.4208233300,18.0144069300,18.4005025100,18.2176151300,1170612,20997915.0000,2.014792,1,1.003906,20.944454,2.319784,3.101547,-13.946252,0
2019-04-22,sh.603339,18.3192192300,18.6240315300,18.3192192300,18.4005025100,18.4005025100,1816100,32999692.0000,3.125770,1,0.000000,20.944454,2.319784,3.101547,-13.946252,0
2019-04-23,sh.603339,18.3801816900,18.4106629200,17.9128028300,18.0347277500,18.4005025100,1496237,26744210.0000,2.575240,1,-1.987855,19.842355,2.227646,2.817336,-92.622792,0
2019-04-24,sh.603339,18.0448881600,18.2785775900,17.9636048800,18.2176151300,18.0347277500,738100,13167891.0000,1.270377,1,1.014086,20.043573,2.250237,2.845906,-93.562065,0
2019-04-25,sh.603339,18.2176151300,18.3903421000,17.5775093000,17.6587925800,18.2176151300,1224760,21747069.0000,2.107989,1,-3.067491,19.428739,2.181211,2.758608,-90.692063,0
2019-04-26,sh.603339,17.4860656100,17.5775093000,17.1710929000,17.2828574100,17.6587925800,1278807,21838412.0000,2.164466,1,-2.128878,19.015124,2.134776,2.699880,-88.761334,0
2019-04-29,sh.603339,17.2828574100,17.3539802800,16.3582601000,16.5817891200,17.2828574100,1333435,22015848.0000,2.256927,1,-4.056440,18.243787,2.048180,2.590361,-85.160786,0
2019-04-30,sh.603339,16.5919495300,16.8256389600,16.5411474800,16.7138744500,16.5817891200,738625,12144039.0000,1.250172,1,0.796575,18.389112,2.064495,2.610995,-85.839150,0
2019-05-06,sh.603339,16.2566560000,16.2566560000,15.3117378700,15.4438232000,16.7138744500,1583600,24538429.0000,2.680348,1,-7.598790,16.991763,1.907618,2.412592,-79.316419,0
2019-05-07,sh.603339,15.4641440200,15.7283146800,15.3625399200,15.6571918100,15.4438232000,884000,13584255.0000,1.496229,1,1.381579,17.226517,1.933974,2.445923,-80.412238,0
2019-05-08,sh.603339,15.5454273000,15.8400791900,15.1390109000,15.7384750900,15.6571918100,747700,11516420.0000,1.265532,1,0.519143,17.315948,1.944014,2.458621,-80.829692,0
2019-05-09,sh.603339,15.5962293500,15.8502396000,15.5555877100,15.7384750900,15.7384750900,493886,7650060.0000,0.835935,1,0.000000,17.315948,1.944014,2.458621,-80.829692,0
2019-05-10,sh.603339,15.7994375500,16.2058539500,15.4641440200,16.0737686200,15.7384750900,1025525,16078378.0000,1.735769,1,2.130406,17.684848,1.985429,2.511000,-82.551694,0
2019-05-13,sh.603339,15.8502396000,15.9924853400,15.7486355000,15.8908812400,16.0737686200,743400,11622748.0000,1.258254,1,-1.137796,17.483630,1.962839,2.482430,-81.612420,0
2019-05-14,sh.603339,15.7283146800,15.8908812400,15.4438232000,15.6978334500,15.8908812400,850770,13167287.0000,1.439985,1,-1.214837,17.271233,1.938994,2.452272,-80.620965,0
2019-05-15,sh.603339,15.7791167300,15.9518437000,15.6978334500,15.8705604200,15.6978334500,887050,13818702.0000,1.501391,1,1.100324,17.461272,1.960329,2.479255,-81.508057,0
2019-05-16,sh.603339,15.8299187800,16.0534478000,15.7994375500,15.9315228800,15.8705604200,906354,14217002.0000,1.534064,1,0.384126,17.528345,1.967859,2.488779,-81.821148,0
2019-05-17,sh.603339,16.0331269800,16.0331269800,15.2202941800,15.3422191000,15.9315228800,955538,14671320.0000,1.617312,1,-3.698979,16.879975,1.895068,2.396719,-78.794600,0
2019-05-20,sh.603339,15.1898129500,15.1898129500,14.6309904000,15.0983692600,15.3422191000,1240161,18243742.0000,0.593146,1,-1.589409,16.611684,1.864948,2.358626,-77.542236,0
2019-05-21,sh.603339,15.0983692600,15.4743044300,14.9154818800,15.3930211500,15.0983692600,940173,14167338.0000,0.449667,1,1.951548,16.935869,1.901343,2.404655,-79.055509,0
2019-05-22,sh.603339,15.3320586900,15.5149460700,15.2101337700,15.2812566400,15.3930211500,586305,8867937.0000,0.280419,1,-0.726070,16.812902,1.887538,2.387196,-78.481509,0
2019-05-23,sh.603339,15.2914170500,15.2914170500,14.7935569600,14.8341986000,15.2812566400,1205829,17767284.0000,0.576726,1,-2.925529,16.321035,1.832318,2.317358,-76.185507,0
2019-05-24,sh.603339,14.9866047500,14.9866047500,14.7224340900,14.8138777800,14.8341986000,625600,9118179.0000,0.299213,1,-0.136989,16.298678,1.829808,2.314183,-76.081144,0
2019-05-27,sh.603339,14.9053214700,15.2710962300,14.7427549100,15.2304545900,14.8138777800,961441,14260326.0000,0.459839,1,2.812070,16.757008,1.881263,2.379260,-78.220600,0
2019-05-28,sh.603339,15.0170859800,15.4235023800,15.0170859800,15.2710962300,15.2304545900,926616,13980496.0000,0.443183,1,0.266844,16.801723,1.886283,2.385609,-78.429327,0
2019-05-29,sh.603339,15.1694921300,15.4235023800,15.1694921300,15.3117378700,15.2710962300,819628,12358835.0000,0.392013,1,0.266134,16.846439,1.891303,2.391958,-78.638055,0
2019-05-30,sh.603339,15.3015774600,15.3930211500,15.0577276200,15.2202941800,15.3117378700,811105,12157773.0000,0.387937,1,-0.597214,16.745829,1.880008,2.377672,-78.168418,0
2019-05-31,sh.603339,15.2202941800,15.4438232000,15.1288504900,15.3422191000,15.2202941800,1012526,15298238.0000,0.484272,1,0.801074,16.879975,1.895068,2.396719,-78.794600,0
2019-06-03,sh.603339,15.4336627900,15.4336627900,15.0882088500,15.2202941800,15.3422191000,839810,12608652.0000,0.401666,1,-0.794708,16.745829,1.880008,2.377672,-78.168418,0
2019-06-04,sh.603339,15.3015774600,15.3015774600,14.7529153200,14.8443590100,15.2202941800,1028140,15130113.0000,0.491740,1,-2.469959,16.332214,1.833573,2.318945,-76.237689,0
2019-06-05,sh.603339,15.0069255700,15.1085296700,14.8850006500,14.9561235200,14.8443590100,746565,11022231.0000,0.357068,1,0.752913,16.455181,1.847378,2.336404,-76.811690,0
2019-06-06,sh.603339,15.0374068000,15.0374068000,14.5801883500,14.6005091700,14.9561235200,883646,12791841.0000,0.422632,1,-2.377720,16.063923,1.803452,2.280851,-74.985325,0
2019-06-10,sh.603339,14.6309904000,15.0374068000,14.4379426100,14.9154818800,14.6005091700,756641,11041808.0000,0.361887,1,2.157275,16.410466,1.842358,2.330056,-76.602962,0
2019-06-11,sh.603339,14.9256422900,15.3625399200,14.8850006500,15.3320586900,14.9154818800,1058153,15830536.0000,0.506095,1,2.792914,16.868796,1.893813,2.395132,-78.742418,0
2019-06-12,sh.603339,15.2609358200,15.4438232000,15.1694921300,15.3015774600,15.3320586900,744095,11218467.0000,0.355887,1,-0.198805,16.835260,1.890048,2.390370,-78.585873,0
2019-06-13,sh.603339,15.3727003300,15.4133419700,15.1390109000,15.3523795100,15.3015774600,715145,10744331.0000,0.342041,1,0.332000,16.891154,1.896323,2.398306,-78.846782,0
2019-06-14,sh.603339,15.3320586900,15.4133419700,15.0374068000,15.0678880300,15.3523795100,621223,9309874.0000,0.297119,1,-1.853076,16.578148,1.861183,2.353864,-77.385690,0
2019-06-17,sh.603339,15.1390109000,15.3523795100,14.8646798300,15.2507754100,15.0678880300,860600,12815790.0000,0.411609,1,1.213758,16.779366,1.883773,2.382434,-78.324963,0
2019-06-18,sh.603339,15.1593317200,15.2507754100,14.9561235200,15.0170859800,15.2507754100,797311,11821647.0000,0.381339,1,-1.532315,16.522254,1.854908,2.345928,-77.124781,0
2019-06-19,sh.603339,15.3218982800,15.4844648400,15.2406150000,15.4743044300,15.0170859800,1581101,23909930.0000,0.756211,1,3.044654,17.019735,1.910759,2.416563,-79.446991,0
2019-06-20,sh.603339,15.4031815600,15.7079938600,15.2101337700,15.7079938600,15.4743044300,2400846,36638722.0000,1.148280,1,1.510181,17.276763,1.939615,2.453058,-80.646781,0
2019-06-21,sh.603339,15.6876730400,15.9010416500,15.5657481200,15.8299187800,15.7079938600,1974515,30627569.0000,0.944374,1,0.776196,17.410865,1.954670,2.472098,-81.272759,0
2019-06-24,sh.603339,15.8299187800,15.8502396000,15.6267105800,15.6978334500,15.8299187800,978712,15133730.0000,0.468100,1,-0.834404,17.265588,1.938360,2.451471,-80.594617,0
2019-06-25,sh.603339,15.7079938600,15.7283146800,15.3727003300,15.5454273000,15.6978334500,1028500,15708677.0000,0.491913,1,-0.970871,17.097961,1.919541,2.427670,-79.812145,0
2019-06-26,sh.603339,15.5962293500,15.6978334500,15.4539836100,15.6063897600,15.5454273000,742399,11416647.0000,0.355076,1,0.392153,17.165012,1.927069,2.437190,-80.125133,0
2019-06-27,sh.603339,15.6267105800,15.8908812400,15.6063897600,15.7486355000,15.6063897600,1250323,19406392.0000,0.598006,1,0.911461,17.321464,1.944633,2.459404,-80.855441,0
2019-06-28,sh.603339,15.6775126300,15.7384750900,15.3523795100,15.6267105800,15.7486355000,1083361,16587272.0000,0.518152,1,-0.774193,17.187362,1.929578,2.440364,-80.229463,0
2019-07-01,sh.603339,15.9010416500,15.9620041100,15.7994375500,15.9416832900,15.6267105800,1695018,26508436.0000,0.810696,1,2.015601,17.533791,1.968470,2.489552,-81.846572,0
2019-07-02,sh.603339,15.9010416500,15.9315228800,15.7791167300,15.8400791900,15.9416832900,1191789,18595323.0000,0.570011,1,-0.637345,17.422040,1.955924,2.473685,-81.324924,0
2019-07-03,sh.603339,15.8400791900,16.0026457500,15.6876730400,15.8705604200,15.8400791900,1328606,20730340.0000,0.635448,1,0.192429,17.455565,1.959688,2.478445,-81.481418,0
2019-07-04,sh.603339,16.0661242000,16.0661242000,15.5720986000,15.7470660000,15.8705724000,1179069,18003156.0000,0.563927,1,-0.778209,17.097961,1.919541,2.427670,-79.812145,0
2019-07-05,sh.603339,15.7470660000,15.8499880000,15.6029752000,15.8294036000,15.7470660000,780916,11945848.0000,0.373498,1,0.522875,17.187362,1.929578,2.440364,-80.229463,0
2019-07-08,sh.603339,15.8088192000,15.8088192000,15.1295340000,15.3353780000,15.8294036000,1442796,21496444.0000,0.690063,1,-3.120939,16.650955,1.869357,2.364202,-77.725553,0
2019-07-09,sh.603339,15.3147936000,15.3250858000,15.0780730000,15.1912872000,15.3353780000,709574,10460301.0000,0.339376,1,-0.939593,16.494504,1.851792,2.341988,-76.995245,0
2019-07-10,sh.603339,15.3456702000,15.7470660000,15.2942092000,15.3971312000,15.1912872000,1606375,24227715.0000,0.768299,1,1.355012,16.718006,1.876884,2.373722,-78.038541,0
2019-07-11,sh.603339,15.3559624000,15.5926830000,15.3456702000,15.4897610000,15.3971312000,768699,11546353.0000,0.367655,1,0.601605,16.818583,1.888176,2.388002,-78.508025,0
2019-07-12,sh.603339,15.4177156000,15.5720986000,15.2118716000,15.4897610000,15.4897610000,652458,9769115.0000,0.312059,1,0.000000,16.818583,1.888176,2.388002,-78.508025,0
2019-07-15,sh.603339,15.5515142000,15.7264816000,15.1707028000,15.6441440000,15.4897610000,993799,14962833.0000,0.475316,1,0.996675,16.986210,1.906995,2.411803,-79.290497,0
2019-07-16,sh.603339,15.6647284000,15.7676504000,15.4691766000,15.5618064000,15.6441440000,820207,12430659.0000,0.392290,1,-0.526315,16.896809,1.896958,2.399109,-78.873178,0
2019-07-17,sh.603339,15.5309298000,15.5926830000,15.4177156000,15.4588844000,15.5618064000,858126,12930755.0000,0.410426,1,-0.661372,16.785057,1.884412,2.383242,-78.351530,0
2019-07-18,sh.603339,15.3868390000,15.4074234000,15.1912872000,15.2324560000,15.4588844000,923855,13718435.0000,0.441863,1,-1.464715,16.539204,1.856811,2.348335,-77.203905,0
2019-07-19,sh.603339,15.2324560000,15.4177156000,15.2324560000,15.3353780000,15.2324560000,510500,7609564.0000,0.244163,1,0.675672,16.650955,1.869357,2.364202,-77.725553,0
2019-07-22,sh.603339,15.3147936000,15.3250858000,14.7178460000,14.8825212000,15.3353780000,1166618,16987176.0000,0.557972,1,-2.953017,16.159249,1.814154,2.294386,-75.430301,0
2019-07-23,sh.603339,14.8207680000,14.9957354000,14.8207680000,14.9957354000,14.8825212000,540700,7842034.0000,0.258607,1,0.760717,16.282176,1.827955,2.311840,-76.004114,0
2019-07-24,sh.603339,14.9442744000,15.2530404000,14.9442744000,15.2118716000,14.9957354000,839552,12371621.0000,0.401542,1,1.441318,16.516854,1.854302,2.345161,-77.099575,0
2019-07-25,sh.603339,15.1398262000,15.2942092000,15.1295340000,15.2427482000,15.2118716000,566052,8368840.0000,0.270732,1,0.202982,16.550379,1.858065,2.349921,-77.256069,0
2019-07-26,sh.603339,15.1501184000,15.3971312000,15.1501184000,15.2530404000,15.2427482000,577300,8570795.0000,0.276100,1,0.067500,16.561554,1.859320,2.351508,-77.308234,0
2019-07-29,sh.603339,15.2221638000,15.3971312000,15.2221638000,15.3971312000,15.2530404000,607900,9056121.0000,0.290747,1,0.944672,16.718006,1.876884,2.373722,-78.038541,0
2019-07-30,sh.603339,15.3250858000,15.5206376000,15.3250858000,15.5000532000,15.3971312000,1059633,15932323.0000,0.506800,1,0.668500,16.829758,1.889430,2.389589,-78.560189,0
2019-07-31,sh.603339,17.0541754000,17.0541754000,16.7557016000,17.0541754000,15.5000532000,9402480,155694582.0000,4.497000,1,10.026600,18.517204,2.078875,2.629183,-86.437074,0
2019-08-01,sh.603339,16.8586236000,18.5259600000,16.5704420000,17.5584932000,17.0541754000,14939663,254977943.0000,7.145400,1,2.957200,19.064785,2.140351,2.706932,-88.993149,0
2019-08-02,sh.603339,16.7351172000,17.3526492000,16.4675200000,17.2908960000,17.5584932000,8411444,137841969.0000,4.023000,1,-1.524000,18.774232,2.107731,2.665677,-87.636865,0
2019-08-05,sh.603339,16.9203768000,17.2188506000,16.5189810000,16.6219030000,17.2908960000,5801859,95102812.0000,2.774900,1,-3.869000,18.047848,2.026182,2.562541,-84.246153,0
2019-08-06,sh.603339,16.1175852000,16.4572278000,15.8088192000,16.3645980000,16.6219030000,4952188,78073642.0000,2.368500,1,-1.548000,17.768469,1.994817,2.522873,-82.942033,0
2019-08-07,sh.603339,16.3748902000,16.4160590000,15.7470660000,15.7470660000,16.3645980000,3968364,61746084.0000,1.898000,1,-3.773600,17.097961,1.919541,2.427670,-79.812145,0
2019-08-08,sh.603339,15.7470660000,16.0764164000,15.6956050000,15.8602802000,15.7470660000,2950500,45588770.0000,1.411200,1,0.719000,17.220888,1.933342,2.445124,-80.385957,0
2019-08-09,sh.603339,15.9014490000,16.3440136000,15.7573582000,16.2822604000,15.8602802000,4579485,71659546.0000,2.190300,1,2.660600,17.679068,1.984780,2.510179,-82.524714,0
2019-08-12,sh.603339,16.1072930000,16.2616760000,15.5618064000,16.1793384000,16.2822604000,4690419,72737899.0000,2.243300,1,-0.632100,17.567317,1.972234,2.494312,-82.003066,0
2019-08-13,sh.603339,15.9014490000,16.4366434000,15.7676504000,16.2410916000,16.1793384000,4193755,65589369.0000,2.005800,1,0.381700,17.634368,1.979762,2.503832,-82.316055,0
2019-08-14,sh.603339,16.3851824000,16.9821300000,16.2616760000,16.8792080000,16.2410916000,6277352,101413361.0000,3.002300,1,3.929000,18.327226,2.057547,2.602209,-85.550273,0
2019-08-15,sh.603339,16.4057668000,16.8277470000,16.2822604000,16.7454094000,16.8792080000,4454379,71635604.0000,2.130400,1,-0.792700,18.181949,2.041237,2.581581,-84.872130,0
2019-08-16,sh.603339,16.6321952000,17.1365130000,16.5086888000,16.5189810000,16.7454094000,4665298,76109281.0000,2.231300,1,-1.352200,17.936096,2.013636,2.546674,-83.724505,0
2019-08-19,sh.603339,16.5189810000,16.7557016000,16.3645980000,16.7454094000,16.5189810000,4518848,72838962.0000,2.161300,1,1.370700,18.181949,2.041237,2.581581,-84.872130,0
2019-08-20,sh.603339,16.6630718000,17.1159286000,16.6219030000,16.8380392000,16.7454094000,4685008,76897583.0000,2.240800,1,0.553200,18.282526,2.052529,2.595862,-85.341613,0
2019-08-21,sh.603339,16.7042406000,16.9306690000,16.5807342000,16.6116108000,16.8380392000,2386365,38681960.0000,1.141400,1,-1.344800,18.036673,2.024927,2.560954,-84.193988,0
2019-08-22,sh.603339,16.6013186000,16.7248250000,16.3028448000,16.3748902000,16.6116108000,2882400,46097563.0000,1.378600,1,-1.425000,17.779644,1.996072,2.524460,-82.994197,0
2019-08-23,sh.603339,16.3748902000,16.6219030000,16.0661242000,16.5704420000,16.3748902000,3123899,49702650.0000,1.494100,1,1.194200,17.991972,2.019909,2.554607,-83.985329,0
2019-08-26,sh.603339,16.2205072000,16.3748902000,16.0970008000,16.2719682000,16.5704420000,2123562,33536901.0000,1.015700,1,-1.801200,17.667893,1.983526,2.508593,-82.472549,0
2019-08-27,sh.603339,16.3645980000,16.6939484000,16.3028448000,16.6013186000,16.2719682000,2387462,38298598.0000,1.141900,1,2.024000,18.025497,2.023673,2.559367,-84.141823,0
2019-08-28,sh.603339,16.2307994000,16.3337214000,15.6132674000,15.6956050000,16.6013186000,6225906,96181559.0000,2.977700,1,-5.455700,19.362560,1.900583,2.417251,-532.858574,0
2019-08-29,sh.603339,15.5926830000,15.8088192000,15.5618064000,15.5618064000,15.6956050000,2125787,32323499.0000,1.016700,1,-0.852500,19.197502,1.884382,2.396645,-528.316173,0
2019-08-30,sh.603339,15.5618064000,15.6956050000,15.0883652000,15.1089496000,15.5618064000,3055433,45595692.0000,1.461400,1,-2.910100,18.638844,1.829545,2.326901,-512.941893,0
2019-09-02,sh.603339,15.1398262000,15.3662546000,15.0574886000,15.3662546000,15.1089496000,1981312,29392993.0000,0.947600,1,1.703000,18.956264,1.860702,2.366528,-521.677279,0
2019-09-03,sh.603339,15.3147936000,15.4794688000,15.2427482000,15.4280078000,15.3662546000,1801700,26853903.0000,0.861700,1,0.401900,19.032444,1.868180,2.376039,-523.773772,0
2019-09-04,sh.603339,15.3868390000,15.5926830000,15.2530404000,15.5823908000,15.4280078000,2547514,38267472.0000,1.218400,1,1.000700,19.222895,1.886874,2.399815,-529.015004,0
2019-09-05,sh.603339,15.6647284000,15.7470660000,15.4897610000,15.6235596000,15.5823908000,3152000,47825211.0000,1.507500,1,0.264200,19.273683,1.891859,2.406155,-530.412666,0
2019-09-06,sh.603339,15.6441440000,15.6956050000,15.5309298000,15.6235596000,15.6235596000,1617000,24531347.0000,0.773400,1,0.000000,19.273683,1.891859,2.406155,-530.412666,0
2019-09-09,sh.603339,15.7573582000,15.8396958000,15.6235596000,15.8191114000,15.6235596000,2474183,37878263.0000,1.183400,1,1.251600,19.514921,1.915539,2.436272,-537.051559,0
2019-09-10,sh.603339,15.7985270000,15.9014490000,15.7470660000,15.8396958000,15.8191114000,2031021,31222775.0000,0.971400,1,0.130100,19.540314,1.918031,2.439442,-537.750390,0
2019-09-11,sh.603339,15.9014490000,15.9837866000,15.7779426000,15.8294036000,15.8396958000,1667062,25728040.0000,0.797300,1,-0.065000,19.527618,1.916785,2.437857,-537.400975,0
2019-09-12,sh.603339,15.8396958000,15.9117412000,15.7470660000,15.8191114000,15.8294036000,1468675,22546984.0000,0.702400,1,-0.065000,19.514921,1.915539,2.436272,-537.051559,0
2019-09-16,sh.603339,15.8396958000,15.8911568000,15.7367738000,15.7367738000,15.8191114000,1527900,23474610.0000,0.730800,1,-0.520500,19.413347,1.905569,2.423591,-534.256236,0
2019-09-17,sh.603339,15.7161894000,15.7676504000,15.2839170000,15.3456702000,15.7367738000,1726100,25958546.0000,0.825600,1,-2.485300,18.930870,1.858210,2.363358,-520.978448,0
2019-09-18,sh.603339,15.3250858000,15.4485922000,15.3250858000,15.3765468000,15.3456702000,1095000,16379145.0000,0.523700,1,0.201200,18.968960,1.861949,2.368113,-522.026695,0
2019-09-19,sh.603339,15.3868390000,15.5515142000,15.2427482000,15.5515142000,15.3765468000,1143100,17155322.0000,0.546700,1,1.137900,19.184805,1.883135,2.395060,-527.966757,0
2019-09-20,sh.603339,15.6132674000,15.7573582000,15.5309298000,15.7264816000,15.5515142000,1788400,27208721.0000,0.855400,1,1.125100,19.400650,1.904322,2.422006,-533.906820,0
2019-09-23,sh.603339,15.6956050000,15.6956050000,15.3353780000,15.5000532000,15.7264816000,1146962,17196135.0000,0.548600,1,-1.439800,19.121321,1.876904,2.387134,-526.219680,0
2019-09-24,sh.603339,15.5206376000,15.5720986000,15.3868390000,15.4177156000,15.5000532000,907325,13629701.0000,0.434000,1,-0.531200,19.019747,1.866934,2.374454,-523.424356,0
2019-09-25,sh.603339,15.4280078000,15.4280078000,15.2118716000,15.3045014000,15.4177156000,999021,14836197.0000,0.477800,1,-0.734300,18.880083,1.853225,2.357018,-519.580786,0
2019-09-26,sh.603339,15.3045014000,15.3971312000,14.9236900000,14.9751510000,15.3045014000,1454048,21315681.0000,0.695400,1,-2.152000,18.473787,1.813344,2.306295,-508.399492,0
2019-09-27,sh.603339,15.0163198000,15.1501184000,14.9339822000,15.1501184000,14.9751510000,1017122,14859524.0000,0.486500,1,1.168400,18.689632,1.834530,2.333242,-514.339555,0
2019-09-30,sh.603339,15.0986574000,15.1809950000,15.0266120000,15.0677808000,15.1501184000,761500,11174503.0000,0.364200,1,-0.543500,18.588057,1.824560,2.320561,-511.544231,0
2019-10-08,sh.603339,15.0369042000,15.2839170000,15.0266120000,15.2118716000,15.0677808000,1089400,16024783.0000,0.521000,1,0.956300,18.765812,1.842008,2.342752,-516.436047,0
2019-10-09,sh.603339,15.1089496000,15.3147936000,15.0883652000,15.2942092000,15.2118716000,775440,11451338.0000,0.370900,1,0.541300,18.867386,1.851978,2.355433,-519.231371,0
2019-10-10,sh.603339,15.2942092000,15.4074234000,15.1912872000,15.3559624000,15.2942092000,850730,12675570.0000,0.406900,1,0.403800,18.943567,1.859456,2.364943,-521.327864,0
2019-10-11,sh.603339,15.3559624000,15.4280078000,15.2427482000,15.3353780000,15.3559624000,635445,9468452.0000,0.303900,1,-0.134100,18.918173,1.856964,2.361773,-520.629033,0
2019-10-14,sh.603339,15.4177156000,15.6029752000,15.4177156000,15.5309298000,15.3353780000,1578777,23816232.0000,0.755100,1,1.275200,19.159412,1.880643,2.391890,-527.267926,0
2019-10-15,sh.603339,15.4794688000,15.4897610000,15.2633326000,15.2736248000,15.5309298000,899874,13405736.0000,0.430400,1,-1.656700,18.841993,1.849486,2.352263,-518.532540,0
2019-10-16,sh.603339,15.2942092000,15.3868390000,15.1089496000,15.1398262000,15.2736248000,607800,8997224.0000,0.290700,1,-0.876000,18.676935,1.833284,2.331657,-513.990139,0
2019-10-17,sh.603339,15.0780730000,15.2118716000,15.0369042000,15.1089496000,15.1398262000,495400,7279122.0000,0.236900,1,-0.203900,18.638844,1.829545,2.326901,-512.941893,0
2019-10-18,sh.603339,15.1089496000,15.1501184000,14.8207680000,14.9031056000,15.1089496000,841570,12277735.0000,0.402500,1,-1.362400,18.384909,1.804620,2.295200,-505.953584,0
2019-10-21,sh.603339,14.9133978000,15.0163198000,14.8104758000,15.0060276000,14.9031056000,492434,7125752.0000,0.235500,1,0.690600,18.511877,1.817082,2.311050,-509.447738,0
2019-10-22,sh.603339,14.9957354000,15.0266120000,14.8207680000,14.9648588000,15.0060276000,1016662,14730011.0000,0.486300,1,-0.274300,18.461090,1.812097,2.304710,-508.050076,0
2019-10-23,sh.603339,14.9648588000,15.0266120000,14.8207680000,14.8722290000,14.9648588000,700700,10151253.0000,0.335100,1,-0.619000,18.346819,1.800881,2.290444,-504.905337,0
2019-10-24,sh.603339,14.9031056000,14.9031056000,14.7795992000,14.8825212000,14.8722290000,447252,6452721.0000,0.213900,1,0.069200,18.359516,1.802127,2.292029,-505.254753,0
2019-10-25,sh.603339,14.8825212000,14.9133978000,14.7281382000,14.8928134000,14.8825212000,713900,10280442.0000,0.341400,1,0.069200,18.372213,1.803373,2.293615,-505.604168,0
2019-10-28,sh.603339,14.9133978000,15.0986574000,14.9133978000,15.0883652000,14.8928134000,942540,13765867.0000,0.450800,1,1.313100,18.613451,1.827053,2.323731,-512.243062,0
2019-10-29,sh.603339,15.0986574000,15.1089496000,14.9236900000,14.9236900000,15.0883652000,690400,10058173.0000,0.330200,1,-1.091400,18.410303,1.807112,2.298370,-506.652414,0
2019-10-30,sh.603339,14.6972616000,14.7384304000,14.2546970000,14.3061580000,14.9236900000,1781814,24999756.0000,0.852200,1,-4.137900,22.336050,1.703820,2.347175,11.111544,0
2019-10-31,sh.603339,14.3061580000,14.3473268000,14.0797296000,14.1208984000,14.3061580000,711497,9819429.0000,0.340300,1,-1.295000,22.046806,1.681756,2.316780,10.967653,0
2019-11-01,sh.603339,14.0488530000,14.2649892000,14.0488530000,14.2546970000,14.1208984000,564947,7782003.0000,0.270200,1,0.947500,22.255705,1.697691,2.338732,11.071574,0
2019-11-04,sh.603339,14.2546970000,14.3782034000,14.2238204000,14.2546970000,14.2546970000,592725,8236967.0000,0.283500,1,0.000000,22.255705,1.697691,2.338732,11.071574,0
2019-11-05,sh.603339,14.2649892000,14.3576190000,14.1414828000,14.1620672000,14.2546970000,613415,8484739.0000,0.293400,1,-0.649800,22.111083,1.686660,2.323535,10.999629,0
2019-11-06,sh.603339,14.1723594000,14.2341126000,14.0797296000,14.1106062000,14.1620672000,610865,8384770.0000,0.292200,1,-0.363400,22.030737,1.680531,2.315092,10.959659,0
2019-11-07,sh.603339,14.1106062000,14.1311906000,14.0385608000,14.1208984000,14.1106062000,674000,9237354.0000,0.322400,1,0.072900,22.046806,1.681756,2.316780,10.967653,0
2019-11-08,sh.603339,14.2032360000,14.3267424000,14.1826516000,14.2238204000,14.1208984000,742400,10277945.0000,0.355100,1,0.728900,22.207497,1.694014,2.333666,11.047593,0
2019-11-11,sh.603339,14.2444048000,14.2444048000,13.7915480000,13.8018402000,14.2238204000,1000400,13507838.0000,0.478500,1,-2.966700,21.548664,1.643758,2.264433,10.719842,0
2019-11-12,sh.603339,13.8018402000,13.8944700000,13.6165806000,13.6989182000,13.8018402000,673100,8958202.0000,0.321900,1,-0.745700,21.387973,1.631500,2.247547,10.639903,0
2019-11-13,sh.603339,13.6989182000,13.6989182000,13.4210288000,13.4621976000,13.6989182000,1173648,15396008.0000,0.561300,1,-1.728000,21.018384,1.603307,2.208709,10.456043,0
2019-11-14,sh.603339,13.4621976000,13.5342430000,13.4004444000,13.4313210000,13.4621976000,761700,9950407.0000,0.364300,1,-0.229400,20.970176,1.599630,2.203643,10.432061,0
2019-11-15,sh.603339,13.4313210000,13.4724898000,13.2151848000,13.2254770000,13.4313210000,816400,10591507.0000,0.390500,1,-1.532600,20.648794,1.575114,2.169871,10.272183,0
2019-11-18,sh.603339,13.2357692000,13.2975224000,13.1225550000,13.2666458000,13.2254770000,756500,9732631.0000,0.361800,1,0.311300,20.713071,1.580018,2.176625,10.304158,0
2019-11-19,sh.603339,13.2666458000,13.4827820000,13.2254770000,13.4724898000,13.2666458000,716788,9334185.0000,0.342800,1,1.551600,21.034453,1.604533,2.210397,10.464037,0
2019-11-20,sh.603339,13.4724898000,13.5136586000,13.3283990000,13.3386912000,13.4724898000,453130,5896217.0000,0.216700,1,-0.993100,20.825555,1.588598,2.188445,10.360116,0
2019-11-21,sh.603339,13.3283990000,13.3283990000,13.1122628000,13.2048926000,13.3386912000,778121,9979265.0000,0.372200,1,-1.003100,20.616656,1.572663,2.166493,10.256195,0
2019-11-22,sh.603339,13.1637238000,13.3283990000,13.1328472000,13.2769380000,13.2048926000,1042280,13410740.0000,0.498500,1,0.545600,20.729140,1.581243,2.178314,10.312152,0
2019-11-25,sh.603339,13.2460614000,13.2975224000,13.0710940000,13.2769380000,13.2769380000,749015,9631981.0000,0.358200,1,0.000000,20.729140,1.581243,2.178314,10.312152,0
2019-11-26,sh.603339,13.2769380000,13.3386912000,13.2048926000,13.2563536000,13.2769380000,606175,7809262.0000,0.289900,1,-0.155000,20.697002,1.578792,2.174936,10.296164,0
2019-11-27,sh.603339,13.2666458000,13.6268728000,13.2254770000,13.5136586000,13.2563536000,1772475,23293738.0000,0.847700,1,1.941000,21.098729,1.609436,2.217152,10.496012,0
2019-11-28,sh.603339,13.4827820000,13.4827820000,13.3078146000,13.3283990000,13.5136586000,1112423,14450205.0000,0.532100,1,-1.370900,20.809485,1.587372,2.186757,10.352122,0
2019-11-29,sh.603339,13.3181068000,13.4621976000,13.2151848000,13.3283990000,13.3283990000,701300,9060769.0000,0.335400,1,0.000000,20.809485,1.587372,2.186757,10.352122,0
2019-12-02,sh.603339,13.6371650000,13.8327168000,13.4210288000,13.4416132000,13.3283990000,1190377,15733076.0000,0.569300,1,0.849400,20.986246,1.600856,2.205332,10.440055,0
2019-12-03,sh.603339,13.2563536000,13.3489834000,13.0916784000,13.3181068000,13.4416132000,1026834,13174796.0000,0.491100,1,-0.918800,20.793416,1.586146,2.185068,10.344128,0
2019-12-04,sh.603339,13.1843082000,13.3592756000,13.1534316000,13.3592756000,13.3181068000,948100,12231018.0000,0.453500,1,0.309100,20.857693,1.591049,2.191823,10.376104,0
2019-12-05,sh.603339,13.3489834000,13.4724898000,13.3078146000,13.4416132000,13.3592756000,941300,12270013.0000,0.450200,1,0.616300,20.986246,1.600856,2.205332,10.440055,0
2019-12-06,sh.603339,13.4621976000,13.5754118000,13.4107366000,13.5651196000,13.4416132000,996200,13076954.0000,0.476500,1,0.918800,21.179075,1.615565,2.225595,10.535982,0
2019-12-09,sh.603339,13.5651196000,13.6371650000,13.4519054000,13.4930742000,13.5651196000,657800,8630976.0000,0.314600,1,-0.531100,21.066591,1.606984,2.213775,10.480024,0
2019-12-10,sh.603339,13.4930742000,13.5548274000,13.4621976000,13.5342430000,13.4930742000,607600,7972084.0000,0.290600,1,0.305100,21.130867,1.611888,2.220529,10.512000,0
2019-12-11,sh.603339,13.5342430000,13.5445352000,13.4004444000,13.5239508000,13.5342430000,888000,11616109.0000,0.424700,1,-0.076000,21.114798,1.610662,2.218840,10.504006,0
2019-12-12,sh.603339,13.5342430000,13.9459310000,13.5239508000,13.6577494000,13.5239508000,1209344,16023414.0000,0.578400,1,0.989300,21.323697,1.626597,2.240792,10.607927,0
2019-12-13,sh.603339,13.7915480000,13.9562232000,13.6577494000,13.7709636000,13.6577494000,1889000,25317687.0000,0.903500,1,0.828900,21.500457,1.640080,2.259367,10.695860,0
2019-12-16,sh.603339,13.9870998000,13.9870998000,13.7915480000,13.8738856000,13.7709636000,1748000,23596733.0000,0.836000,1,0.747400,21.661148,1.652338,2.276253,10.775799,0
2019-12-17,sh.603339,13.8533012000,14.0385608000,13.7503792000,14.0076842000,13.8738856000,2109500,28556483.0000,1.008900,1,0.964400,21.870046,1.668273,2.298205,10.879720,0
2019-12-18,sh.603339,13.9356388000,14.1723594000,13.9356388000,14.0591452000,14.0076842000,1573200,21508402.0000,0.752400,1,0.367400,21.950392,1.674402,2.306648,10.919690,0
2019-12-19,sh.603339,14.1003140000,14.1311906000,13.9870998000,14.1106062000,14.0591452000,913500,12489719.0000,0.436900,1,0.366000,22.030737,1.680531,2.315092,10.959659,0
2019-12-20,sh.603339,14.1106062000,14.1517750000,13.9253466000,13.9459310000,14.1106062000,937613,12771609.0000,0.448400,1,-1.167000,21.773632,1.660918,2.288074,10.831757,0
2019-12-23,sh.603339,13.9665154000,14.0488530000,13.6474572000,13.6474572000,13.9459310000,1179700,15825800.0000,0.564200,1,-2.140200,21.307628,1.625371,2.239104,10.599933,0
2019-12-24,sh.603339,13.6371650000,13.8224246000,13.6165806000,13.7915480000,13.6474572000,801700,10699656.0000,0.383400,1,1.055800,21.532595,1.642532,2.262744,10.711848,0
2019-12-25,sh.603339,13.7092104000,13.8430090000,13.7092104000,13.7400870000,13.7915480000,749200,10031129.0000,0.358300,1,-0.373100,21.452249,1.636403,2.254301,10.671878,0
2019-12-26,sh.603339,13.8738856000,13.9356388000,13.7400870000,13.9047622000,13.7400870000,926477,12476793.0000,0.443100,1,1.198500,21.709355,1.656015,2.281319,10.799781,0
2019-12-27,sh.603339,13.9253466000,14.0179764000,13.8224246000,13.8327168000,13.9047622000,1033700,13993368.0000,0.494400,1,-0.518100,21.596871,1.647435,2.269499,10.743824,0
2019-12-30,sh.603339,13.6783338000,13.8224246000,13.4313210000,13.7915480000,13.8327168000,1171097,15567063.0000,0.560100,1,-0.297600,21.532595,1.642532,2.262744,10.711848,0
2019-12-31,sh.603339,13.7812558000,13.9870998000,13.7812558000,13.9562232000,13.7915480000,965444,13044446.0000,0.461800,1,1.194000,21.789701,1.662144,2.289762,10.839751,0
2020-01-02,sh.603339,13.9870998000,14.1620672000,13.8944700000,14.1106062000,13.9562232000,1414890,19370820.0000,0.676700,1,1.106200,22.030737,1.680531,2.315092,10.959659,0
2020-01-03,sh.603339,14.1826516000,14.2135282000,14.0591452000,14.1208984000,14.1106062000,1067734,14662385.0000,0.510700,1,0.072900,22.046806,1.681756,2.316780,10.967653,0
2020-01-06,sh.603339,13.9973920000,14.3370346000,13.9973920000,14.2444048000,14.1208984000,1421300,19592950.0000,0.679800,1,0.874600,22.239635,1.696466,2.337044,11.063580,0
2020-01-07,sh.603339,14.2958658000,14.4605410000,14.2032360000,14.3987878000,14.2444048000,1485312,20704639.0000,0.710400,1,1.083800,22.480672,1.714852,2.362373,11.183489,0
2020-01-08,sh.603339,14.3576190000,14.4090800000,14.0797296000,14.1208984000,14.3987878000,1560311,21553627.0000,0.746300,1,-1.929900,22.046806,1.681756,2.316780,10.967653,0
2020-01-09,sh.603339,14.1723594000,14.3267424000,14.0797296000,14.2649892000,14.1208984000,1386036,19130432.0000,0.662900,1,1.020400,22.271774,1.698917,2.340421,11.079568,0
2020-01-10,sh.603339,14.2238204000,14.3782034000,14.1106062000,14.3679112000,14.2649892000,1260300,17427863.0000,0.602800,1,0.721500,22.432465,1.711175,2.357307,11.159507,0
2020-01-13,sh.603339,14.3061580000,14.3267424000,14.1826516000,14.3267424000,14.3679112000,1042947,14439995.0000,0.498800,1,-0.286500,22.368188,1.706272,2.350552,11.127532,0
2020-01-14,sh.603339,14.3370346000,14.5840474000,14.2546970000,14.4296644000,14.3267424000,1894536,26593441.0000,0.906100,1,0.718400,22.528879,1.718530,2.367439,11.207471,0
2020-01-15,sh.603339,14.3884956000,14.5120020000,14.1723594000,14.2135282000,14.4296644000,1215840,16867617.0000,0.581500,1,-1.497900,22.191428,1.692788,2.331978,11.039599,0
2020-01-16,sh.603339,14.2341126000,14.3679112000,14.1003140000,14.1723594000,14.2135282000,1135515,15676320.0000,0.543100,1,-0.289600,22.127152,1.687885,2.325223,11.007623,0
2020-01-17,sh.603339,14.1106062000,14.2238204000,14.0797296000,14.1723594000,14.1723594000,799130,10989983.0000,0.382200,1,0.000000,22.127152,1.687885,2.325223,11.007623,0
2020-01-20,sh.603339,14.1311906000,14.2649892000,14.0591452000,14.2238204000,14.1723594000,829348,11401971.0000,0.396700,1,0.363100,22.207497,1.694014,2.333666,11.047593,0
2020-01-21,sh.603339,14.2032360000,14.2135282000,13.9665154000,13.9870998000,14.2238204000,1023900,13964518.0000,0.489700,1,-1.664300,21.837908,1.665821,2.294828,10.863732,0
2020-01-22,sh.603339,14.0488530000,14.0488530000,13.7195026000,13.8430090000,13.9870998000,1225558,16454749.0000,0.586200,1,-1.030200,21.612941,1.648661,2.271188,10.751818,0
2020-01-23,sh.603339,13.8121324000,13.8121324000,13.1843082000,13.2666458000,13.8430090000,2085456,27227191.0000,0.997400,1,-4.163600,20.713071,1.580018,2.176625,10.304158,0
2020-02-03,sh.603339,11.9389520000,12.0933350000,11.9389520000,11.9389520000,13.2666458000,1483900,17217327.0000,0.709700,1,-10.007800,18.640157,1.421893,1.958794,9.272943,0
2020-02-04,sh.603339,11.3420044000,11.8977832000,11.3420044000,11.7845690000,11.9389520000,1878707,21415121.0000,0.898600,1,-1.293100,18.399120,1.403507,1.933464,9.153034,0
2020-02-05,sh.603339,11.8566144000,12.0933350000,11.7845690000,11.9698286000,11.7845690000,1575300,18350124.0000,0.753400,1,1.572100,18.688364,1.425571,1.963860,9.296925,0
2020-02-06,sh.603339,12.3197634000,12.4329776000,12.1139194000,12.3815166000,11.9698286000,2336100,27884380.0000,1.117300,1,3.439400,19.331128,1.474601,2.031404,9.616681,0
2020-02-07,sh.603339,12.4432698000,12.4535620000,12.1962570000,12.4123932000,12.3815166000,1671243,20041264.0000,0.799300,1,0.249400,19.379335,1.478279,2.036470,9.640663,0
2020-02-10,sh.603339,12.3506400000,13.0299252000,12.2888868000,12.9372954000,12.4123932000,2482955,30849139.0000,1.187600,1,4.228800,20.198860,1.540793,2.122589,10.048353,0
2020-02-11,sh.603339,12.7623280000,12.9578798000,12.5976528000,12.6799904000,12.9372954000,1481366,18419648.0000,0.708500,1,-1.988900,19.797132,1.510149,2.080374,9.848505,0
2020-02-12,sh.603339,12.7829124000,12.7932046000,12.5461918000,12.7829124000,12.6799904000,1380400,17054803.0000,0.660200,1,0.811700,19.957823,1.522406,2.097260,9.928444,0
2020-02-13,sh.603339,12.7211592000,12.8446656000,12.4947308000,12.5564840000,12.7829124000,1231600,15094091.0000,0.589100,1,-1.771300,19.604303,1.495439,2.060111,9.752578,0
2020-02-14,sh.603339,12.5050230000,12.7623280000,12.4947308000,12.5256074000,12.5564840000,992400,12136441.0000,0.474600,1,-0.245900,19.556096,1.491762,2.055045,9.728596,0
2020-02-17,sh.603339,12.5461918000,12.9167110000,12.5461918000,12.9167110000,12.5256074000,1943894,24117592.0000,0.929700,1,3.122400,20.166721,1.538341,2.119212,10.032365,0
2020-02-18,sh.603339,12.9167110000,13.1225550000,12.8343734000,13.1122628000,12.9167110000,1612018,20341477.0000,0.771000,1,1.513900,20.472034,1.561631,2.151296,10.184250,0
2020-02-19,sh.603339,13.0710940000,13.2357692000,12.9784642000,13.0196330000,13.1122628000,1458600,18553752.0000,0.697600,1,-0.706400,20.472034,1.561631,2.151296,10.184250,0
2020-02-20,sh.603339,13.0608018000,13.2666458000,12.9887564000,13.2357692000,13.0196330000,1953325,24986561.0000,0.934200,1,1.660100,20.664864,1.576340,2.171559,10.280177,0
2020-02-21,sh.603339,13.2254770000,13.4210288000,13.1328472000,13.2460614000,13.2357692000,2145034,27681984.0000,1.025900,1,0.077800,20.680933,1.577566,2.173248,10.288170,0
2020-02-24,sh.603339,13.1740160000,13.5136586000,13.0299252000,13.3489834000,13.2460614000,2762338,35483602.0000,1.321200,1,0.777000,20.841624,1.589824,2.190134,10.368110,0
2020-02-25,sh.603339,13.1225550000,13.3386912000,12.9681720000,13.2666458000,13.3489834000,2372034,30383486.0000,1.134500,1,-0.616800,20.713071,1.580018,2.176625,10.304158,0
2020-02-26,sh.603339,13.1225550000,13.4827820000,12.9887564000,13.2563536000,13.2666458000,2284252,29508031.0000,1.092500,1,-0.077600,20.697002,1.578792,2.174936,10.296164,0
2020-02-27,sh.603339,13.1328472000,13.7400870000,13.1328472000,13.6989182000,13.2563536000,3748291,49343108.0000,1.792700,1,3.338500,21.387973,1.631500,2.247547,10.639903,0
2020-02-28,sh.603339,13.3798600000,13.5651196000,13.0402174000,13.0813862000,13.6989182000,2572071,33100844.0000,1.230200,1,-4.507900,20.423827,1.557954,2.146230,10.160268,0
2020-03-02,sh.603339,13.0813862000,13.6680416000,13.0813862000,13.5342430000,13.0813862000,2094912,27325981.0000,1.002000,1,3.461800,21.130867,1.611888,2.220529,10.512000,0
2020-03-03,sh.603339,13.5651196000,13.8018402000,13.3798600000,13.4313210000,13.5342430000,2800315,37054752.0000,1.339300,1,-0.760500,20.970176,1.599630,2.203643,10.432061,0
2020-03-04,sh.603339,13.3489834000,13.6062884000,13.2357692000,13.5754118000,13.4313210000,1510200,19718376.0000,0.722300,1,1.072800,21.195144,1.616791,2.227284,10.543976,0
2020-03-05,sh.603339,13.6989182000,13.8841778000,13.5857040000,13.7503792000,13.5754118000,2357846,31530786.0000,1.127700,1,1.288900,21.468319,1.637629,2.255990,10.679872,0
2020-03-06,sh.603339,13.6989182000,14.3061580000,13.5033664000,14.0900218000,13.7503792000,4330314,59038415.0000,2.071100,1,2.470100,21.998599,1.678079,2.311714,10.943672,0
2020-03-09,sh.603339,13.7400870000,14.2341126000,13.5651196000,13.5857040000,14.0900218000,3120135,42046421.0000,1.492300,1,-3.579300,21.211213,1.618016,2.228972,10.551970,0
2020-03-10,sh.603339,13.4930742000,13.7915480000,13.1946004000,13.7606714000,13.5857040000,2897736,38060642.0000,1.385900,1,1.287900,21.484388,1.638855,2.257679,10.687866,0
2020-03-11,sh.603339,13.8121324000,14.0282686000,13.5959962000,13.5959962000,13.7606714000,2134835,28622585.0000,1.021100,1,-1.196700,21.227282,1.619242,2.230661,10.559964,0
2020-03-12,sh.603339,13.6474572000,13.6474572000,13.0710940000,13.1328472000,13.5959962000,2021712,26010426.0000,0.966900,1,-3.406500,20.504173,1.564083,2.154673,10.200237,0
2020-03-13,sh.603339,12.4844386000,12.8549578000,12.4329776000,12.7623280000,13.1328472000,2066152,25289423.0000,0.988200,1,-2.821300,19.925685,1.519955,2.093883,9.912456,0
2020-03-16,sh.603339,12.8343734000,12.9681720000,12.2785946000,12.2888868000,12.7623280000,1535260,18864357.0000,0.734300,1,-3.709700,19.186506,1.463569,2.016207,9.544736,0
2020-03-17,sh.603339,12.3094712000,12.4844386000,12.0418740000,12.3403478000,12.2888868000,1014731,12064090.0000,0.485300,1,0.418800,19.266852,1.469698,2.024650,9.584706,0
2020-03-18,sh.603339,12.4329776000,12.5564840000,12.1139194000,12.1242116000,12.3403478000,1081820,13039220.0000,0.517400,1,-1.751500,18.929401,1.443957,1.989189,9.416834,0
2020-03-19,sh.603339,12.1550882000,12.4741464000,11.9595364000,12.4021010000,12.1242116000,1232544,14589680.0000,0.589500,1,2.292000,19.363266,1.477053,2.034781,9.632669,0
2020-03-20,sh.603339,12.3506400000,12.5358996000,12.3403478000,12.5256074000,12.4021010000,876130,10594185.0000,0.419000,1,0.995800,19.556096,1.491762,2.055045,9.728596,0
2020-03-23,sh.603339,12.0418740000,12.5153152000,11.9698286000,12.2477180000,12.5256074000,950594,11335874.0000,0.454700,1,-2.218600,19.122230,1.458666,2.009452,9.512761,0
2020-03-24,sh.603339,12.4329776000,12.5358996000,12.2888868000,12.5256074000,12.2477180000,867519,10491428.0000,0.414900,1,2.268900,19.556096,1.491762,2.055045,9.728596,0
2020-03-25,sh.603339,12.6594060000,12.7417436000,12.6079450000,12.6902826000,12.5256074000,1025152,12626782.0000,0.490300,1,1.314700,19.813201,1.511374,2.082063,9.856499,0
2020-03-26,sh.603339,12.6902826000,12.7623280000,12.5667762000,12.6696982000,12.6902826000,921320,11340231.0000,0.440700,1,-0.162200,19.781063,1.508923,2.078685,9.840511,0
2020-03-27,sh.603339,12.7623280000,12.7623280000,12.4741464000,12.5256074000,12.6696982000,1075797,13206518.0000,0.514500,1,-1.137300,19.556096,1.491762,2.055045,9.728596,0
2020-03-30,sh.603339,12.0212896000,12.3609322000,11.9904130000,12.1036272000,12.5256074000,1019905,12012537.0000,0.487800,1,-3.368900,18.897262,1.441506,1.985812,9.400846,0
2020-03-31,sh.603339,12.1447960000,12.2785946000,12.0624584000,12.0830428000,12.1036272000,711494,8408075.0000,0.340300,1,-0.170100,18.865124,1.439054,1.982434,9.384858,0
2020-04-01,sh.603339,12.0418740000,12.1859648000,11.8977832000,11.9389520000,12.0830428000,828965,9707214.0000,0.396500,1,-1.192500,18.640157,1.421893,1.958794,9.272943,0
2020-04-02,sh.603339,11.8977832000,12.1036272000,11.7845690000,12.1036272000,11.9389520000,673262,7814042.0000,0.322000,1,1.379300,18.897262,1.441506,1.985812,9.400846,0
2020-04-03,sh.603339,12.1756726000,12.2888868000,12.0830428000,12.1653804000,12.1036272000,924413,10936729.0000,0.442100,1,0.510200,18.993677,1.448860,1.995943,9.448809,0
2020-04-07,sh.603339,12.3094712000,12.5153152000,12.2271336000,12.5153152000,12.1653804000,1364513,16456341.0000,0.652600,1,2.876500,19.540027,1.490536,2.053356,9.720602,0
2020-04-08,sh.603339,12.5153152000,12.6594060000,12.4021010000,12.6388216000,12.5153152000,994294,12122268.0000,0.475600,1,0.986800,19.732856,1.505246,2.073620,9.816529,0
2020-04-09,sh.603339,12.6799904000,12.7417436000,12.5461918000,12.6285294000,12.6388216000,848802,10418795.0000,0.406000,1,-0.081400,19.716787,1.504020,2.071931,9.808535,0
2020-04-10,sh.603339,12.6079450000,12.7108670000,12.4123932000,12.4432698000,12.6285294000,738346,8968077.0000,0.353100,1,-1.467000,19.427543,1.481956,2.041536,9.664645,0
2020-04-13,sh.603339,12.3094712000,12.4021010000,12.2065492000,12.2580102000,12.4432698000,740100,8837263.0000,0.354000,1,-1.488800,19.138299,1.459892,2.011141,9.520754,0
2020-04-14,sh.603339,12.3197634000,12.9475876000,12.2991790000,12.5976528000,12.2580102000,1861202,22851478.0000,0.890200,1,2.770800,19.668579,1.500342,2.066865,9.784554,0
2020-04-15,sh.603339,12.5256074000,12.6182372000,12.3712244000,12.3918088000,12.5976528000,1032200,12522587.0000,0.493700,1,-1.634000,19.347197,1.475827,2.033093,9.624675,0
2020-04-16,sh.603339,12.7108670000,13.6268728000,12.7005748000,13.0505096000,12.3918088000,4940626,62971228.0000,2.363000,1,5.315600,20.633816,1.530511,2.272913,8.851920,0
2020-04-17,sh.603339,12.9167110000,13.3489834000,12.9167110000,13.0916784000,13.0505096000,3430706,43687339.0000,1.640800,1,0.315500,20.698907,1.535339,2.280083,8.879844,0
2020-04-20,sh.603339,13.0916784000,13.3181068000,12.9578798000,13.2975224000,13.0916784000,2670779,34200516.0000,1.277400,1,1.572300,21.024361,1.559480,2.315934,9.019464,0
2020-04-21,sh.603339,13.3489834000,13.8738856000,13.3283990000,13.6783338000,13.2975224000,4383120,58077752.0000,2.096400,1,2.863800,21.626452,1.604140,2.382257,9.277761,0
2020-04-22,sh.603339,13.5651196000,14.1929438000,13.4210288000,13.9870998000,13.6783338000,4218002,56744974.0000,2.017400,1,2.257300,22.114634,1.640351,2.436033,9.487192,0
2020-04-23,sh.603339,13.8430090000,13.8635934000,13.6062884000,13.6474572000,13.9870998000,3435261,45864510.0000,1.643000,1,-2.428300,24.129298,1.581526,2.661194,346.406103,0
2020-04-24,sh.603339,13.8533012000,14.0797296000,13.6474572000,13.7503792000,13.6474572000,3943547,53089453.0000,1.886100,1,0.754100,24.311269,1.593453,2.681264,349.018517,0
2020-04-27,sh.603339,13.6886260000,13.8738856000,13.5033664000,13.6680416000,13.7503792000,2665384,35378068.0000,1.274800,1,-0.598800,24.165692,1.583912,2.665208,346.928585,0
2020-04-28,sh.603339,13.6165806000,13.6577494000,12.7623280000,13.4004444000,13.6680416000,2388028,30774501.0000,1.142100,1,-1.957800,23.692569,1.552901,2.613028,340.136309,0
2020-04-29,sh.603339,13.4827820000,13.8018402000,13.2769380000,13.7915480000,13.4004444000,2388188,31552565.0000,1.142200,1,2.918600,24.384057,1.598224,2.689291,350.063482,0
2020-04-30,sh.603339,13.7915480000,13.9870998000,13.6783338000,13.8944700000,13.7915480000,2466432,33128773.0000,1.179600,1,0.746300,24.566028,1.610151,2.709361,352.675896,0
2020-05-06,sh.603339,13.8738856000,14.0591452000,13.7400870000,13.8533012000,13.8944700000,2105639,28326305.0000,1.007100,1,-0.296300,24.493239,1.605380,2.701333,351.630931,0
2020-05-07,sh.603339,13.8018402000,13.8635934000,13.5342430000,13.5959962000,13.8533012000,1892733,25147864.0000,0.905300,1,-1.857400,24.038313,1.575563,2.651160,345.099896,0
2020-05-08,sh.603339,13.6577494000,14.2135282000,13.5959962000,14.0797296000,13.5959962000,3328722,45226056.0000,1.592100,1,3.557900,24.893575,1.631620,2.745486,357.378242,0
2020-05-11,sh.603339,14.1003140000,14.2032360000,13.9356388000,14.0797296000,14.0797296000,1805012,24682146.0000,0.863300,1,0.000000,24.893575,1.631620,2.745486,357.378242,0
2020-05-12,sh.603339,14.0591452000,14.0591452000,13.7400870000,13.9150544000,14.0797296000,1655223,22344546.0000,0.791700,1,-1.169600,24.602422,1.612537,2.713375,353.198379,0
2020-05-13,sh.603339,13.8738856000,14.0694374000,13.7709636000,14.0694374000,13.9150544000,1452100,19687171.0000,0.694500,1,1.109500,24.875377,1.630427,2.743479,357.117000,0
2020-05-14,sh.603339,13.9459310000,14.2546970000,13.8635934000,13.9870998000,14.0694374000,1580477,21530755.0000,0.755900,1,-0.585200,24.729801,1.620886,2.727423,355.027069,0
2020-05-15,sh.603339,13.9768076000,14.3576190000,13.9768076000,14.2958658000,13.9870998000,2199300,30306472.0000,1.051900,1,2.207500,25.275713,1.656667,2.787631,362.864311,0
2020-05-18,sh.603339,14.2752814000,14.3473268000,14.0694374000,14.1517750000,14.2958658000,1668300,22990189.0000,0.797900,1,-1.007900,25.020954,1.639969,2.759534,359.206932,0
2020-05-19,sh.603339,14.1620672000,14.7075538000,14.1208984000,14.6252162000,14.1517750000,3496879,49227473.0000,1.672500,1,3.345500,25.858019,1.694833,2.851853,371.224036,0
2020-05-20,sh.603339,14.6149240000,14.8001836000,14.4193722000,14.7384304000,14.6252162000,2834538,40158473.0000,1.355700,1,0.774100,26.058186,1.707953,2.873929,374.097692,0
2020-05-21,sh.603339,14.6869694000,14.7693070000,14.1723594000,14.3267424000,14.7384304000,3022979,42452864.0000,1.445800,1,-2.793300,25.330304,1.660245,2.793652,363.648035,0
2020-05-22,sh.603339,14.1620672000,14.2958658000,13.7400870000,13.7709636000,14.3267424000,2088043,28368542.0000,0.998700,1,-3.879300,24.347663,1.595839,2.685278,349.541000,0
2020-05-25,sh.603339,13.6268728000,13.9150544000,13.6268728000,13.7503792000,13.7709636000,1176167,15705859.0000,0.562500,1,-0.149500,24.311269,1.593453,2.681264,349.018517,0
2020-05-26,sh.603339,13.7606714000,14.0900218000,13.7503792000,14.0900218000,13.7503792000,1541077,20872313.0000,0.737100,1,2.470100,24.911772,1.632813,2.747492,357.639483,0
2020-05-27,sh.603339,14.0076842000,14.1517750000,13.7915480000,13.9047622000,14.0900218000,1343345,18175925.0000,0.642500,1,-1.314800,24.584225,1.611344,2.711368,352.937138,0
2020-05-28,sh.603339,13.8121324000,13.9356388000,13.6062884000,13.9047622000,13.9047622000,1234101,16540709.0000,0.590200,1,0.000000,24.584225,1.611344,2.711368,352.937138,0
2020-05-29,sh.603339,13.9356388000,14.1826516000,13.7503792000,14.1311906000,13.9047622000,1509994,20555882.0000,0.722200,1,1.628400,24.984560,1.637583,2.755520,358.684449,0
2020-06-01,sh.603339,14.1003140000,14.5222942000,14.0591452000,14.4399566000,14.1311906000,2091403,29183936.0000,1.000300,1,2.185000,25.530472,1.673365,2.815728,366.521691,0
2020-06-02,sh.603339,14.4502488000,14.7178460000,14.3679112000,14.6663850000,14.4399566000,2067415,29319513.0000,0.988800,1,1.568100,25.930807,1.699604,2.859881,372.269002,0
2020-06-03,sh.603339,14.8001836000,14.8001836000,14.3884956000,14.4090800000,14.6663850000,1899291,26828682.0000,0.908400,1,-1.754400,25.475880,1.669786,2.809707,365.737967,0
2020-06-04,sh.603339,14.4811254000,14.8516446000,14.2855736000,14.7693070000,14.4090800000,3125772,44464584.0000,1.495000,1,2.500000,26.112777,1.711531,2.879950,374.881416,0
2020-06-05,sh.603339,14.8516446000,14.8516446000,14.4399566000,14.5737552000,14.7693070000,1887700,26736382.0000,0.902900,1,-1.324000,25.767033,1.688870,2.841818,369.917829,0
2020-06-08,sh.603339,14.5737552000,14.8516446000,14.4296644000,14.6149240000,14.5737552000,1793656,25456964.0000,0.857900,1,0.282500,25.839822,1.693640,2.849846,370.962795,0
2020-06-09,sh.603339,14.7178460000,14.7178460000,14.5017098000,14.5943396000,14.6149240000,1280365,18161649.0000,0.612400,1,-0.140800,25.803427,1.691255,2.845832,370.440312,0
2020-06-10,sh.603339,14.6355084000,14.6355084000,14.2135282000,14.3473268000,14.5943396000,1231252,17169686.0000,0.588900,1,-1.692500,25.366698,1.662630,2.797666,364.170518,0
2020-06-11,sh.603339,14.2546970000,14.4193722000,14.0488530000,14.1414828000,14.3473268000,1364600,18889990.0000,0.652700,1,-1.434700,25.002757,1.638776,2.757527,358.945690,0
2020-06-12,sh.603339,13.8944700000,13.9870998000,13.7709636000,13.7915480000,14.1414828000,2307792,31077537.0000,1.103800,1,-2.474500,24.384057,1.598224,2.689291,350.063482,0
2020-06-15,sh.603339,13.5959962000,13.8121324000,13.4827820000,13.4930742000,13.7915480000,2753100,36410278.0000,1.316800,1,-2.164200,23.856342,1.563636,2.631090,342.487482,0
2020-06-16,sh.603339,13.6165806000,13.7092104000,13.5651196000,13.6371650000,13.4930742000,1483200,19645585.0000,0.709400,1,1.067900,23.928787,1.568384,2.639080,343.527517,0
2020-06-17,sh.603339,13.6268728000,13.7606714000,13.5342430000,13.7195026000,13.6371650000,1557233,20665082.0000,0.744800,1,0.603800,24.073263,1.577853,2.655014,345.601645,0
2020-06-18,sh.603339,13.7297948000,13.8018402000,13.5857040000,13.6474572000,13.7195026000,1280447,17002240.0000,0.612400,1,-0.525100,23.946847,1.569568,2.641072,343.786783,0
2020-06-19,sh.603339,13.6886260000,13.8533012000,13.6062884000,13.7195026000,13.6474572000,1541832,20584616.0000,0.737400,1,0.527900,24.073263,1.577853,2.655014,345.601645,0
2020-06-22,sh.603339,13.7195026000,13.9356388000,13.7092104000,13.8635934000,13.7195026000,1784600,24017239.0000,0.853500,1,1.050300,24.326095,1.594425,2.682899,349.231370,0
2020-06-23,sh.603339,13.8121324000,13.8841778000,13.7812558000,13.7915480000,13.8635934000,1235700,16590664.0000,0.591000,1,-0.519700,24.199679,1.586139,2.668957,347.416507,0
2020-06-24,sh.603339,13.7915480000,13.8018402000,13.4827820000,13.5136586000,13.7915480000,1828621,24158054.0000,0.874600,1,-2.014900,23.712074,1.554180,2.615179,340.416324,0
2020-06-29,sh.603339,13.4930742000,13.7195026000,13.4210288000,13.7195026000,13.5136586000,1270204,16745523.0000,0.607500,1,1.523200,24.073263,1.577853,2.655014,345.601645,0
2020-06-30,sh.603339,13.8018402000,13.9973920000,13.7503792000,13.8224246000,13.7195026000,2158725,29086809.0000,1.032500,1,0.750200,24.253857,1.589690,2.674932,348.194305,0
2020-07-01,sh.603339,13.8841778000,13.9973920000,13.7915480000,13.9459310000,13.8224246000,1818374,24591133.0000,0.869700,1,0.893500,24.470571,1.603895,2.698833,351.305498,0
2020-07-02,sh.603339,13.9870998000,14.3164502000,13.9150544000,14.2855736000,13.9459310000,2464688,33849249.0000,1.178800,1,2.435400,25.066533,1.642956,2.764561,359.861278,0
2020-07-03,sh.603339,14.3782034000,14.4296644000,14.1208984000,14.3370346000,14.2855736000,2963657,41157658.0000,1.417500,1,0.360200,25.156830,1.648875,2.774520,361.157608,0
2020-07-06,sh.603339,14.5685160000,15.5870775000,14.4450540000,15.3555862500,14.3370247500,4258569,41198725.0000,1.376200,1,7.104400,26.594364,1.743096,2.933064,381.795186,0
2020-07-07,sh.603339,15.1240950000,15.4636155000,14.8617382500,15.1395277500,15.3555862500,7108754,69906392.0000,2.297300,1,-1.407000,26.220172,1.718570,2.891795,376.423193,0
2020-07-08,sh.603339,15.1395277500,15.3555862500,14.9852002500,15.3247207500,15.1395277500,4864514,47945404.0000,1.572000,1,1.223200,26.540908,1.739592,2.927168,381.027758,0
2020-07-09,sh.603339,15.3092880000,16.1272237500,15.2166915000,15.8340015000,15.3247207500,7175828,72671166.0000,2.319000,1,3.323300,27.422932,1.797404,3.024446,393.690312,0
2020-07-10,sh.603339,15.7568377500,15.8185687500,15.4636155000,15.4944810000,15.8340015000,4714668,47710601.0000,1.523600,1,-2.144300,26.834916,1.758863,2.959594,385.248609,0
2020-07-13,sh.603339,15.4944810000,16.2969840000,15.4944810000,16.1580892500,15.4944810000,5844102,60439319.0000,1.888600,1,4.282900,27.984220,1.834193,3.086349,401.748301,0
2020-07-14,sh.603339,16.2043875000,16.3278495000,15.5253465000,15.8648670000,16.1580892500,5059940,52113408.0000,1.635200,1,-1.814700,27.476388,1.800907,3.030341,394.457740,0
2020-07-15,sh.603339,15.8340015000,15.9574635000,15.2784225000,15.4636155000,15.8648670000,5428458,54708157.0000,1.754300,1,-2.529200,26.781460,1.755359,2.953698,384.481182,0
2020-07-16,sh.603339,15.4327500000,15.6333757500,14.7382762500,14.9234692500,15.4636155000,4239681,41844407.0000,1.370100,1,-3.493000,25.845980,1.694044,2.850525,371.051200,0
2020-07-17,sh.603339,14.9234692500,15.3092880000,14.7382762500,15.1858260000,14.9234692500,3255936,31797491.0000,1.052200,1,1.758000,26.300356,1.723826,2.900638,377.574334,0
2020-07-20,sh.603339,15.3092880000,15.9574635000,14.7382762500,15.8031360000,15.1858260000,4288896,43415807.0000,1.386000,1,4.065000,27.369476,1.793900,3.018550,392.922884,0
2020-07-21,sh.603339,16.3432822500,16.3432822500,15.5099137500,15.6025102500,15.8031360000,3426144,34874820.3500,1.107200,1,-1.269500,27.022012,1.771126,2.980229,387.934606,0
2020-07-22,sh.603339,15.5870775000,15.7722705000,15.4481827500,15.5253465000,15.6025102500,3416567,34567529.8900,1.104100,1,-0.494600,26.888372,1.762366,2.965490,386.016037,0
2020-07-23,sh.603339,15.5253465000,15.5253465000,15.0469312500,15.4173172500,15.5253465000,3350762,33136474.5900,1.082800,1,-0.695800,26.701276,1.750103,2.944855,383.330041,0
2020-07-24,sh.603339,15.2784225000,15.5099137500,14.8000072500,14.8463055000,15.4173172500,2910855,28589457.1900,0.940700,1,-3.703700,25.712340,1.685285,2.835786,369.132632,0
2020-07-27,sh.603339,14.9697675000,15.5870775000,14.6765452500,15.5562120000,14.8463055000,3733379,36591873.5600,1.206500,1,4.781700,26.941828,1.765870,2.971385,386.783464,0
2020-07-28,sh.603339,15.5870775000,15.9883290000,15.4481827500,15.8494342500,15.5562120000,6258318,63947026.8200,2.022500,1,1.884900,27.449660,1.799155,3.027393,394.074026,0
2020-07-29,sh.603339,15.8185687500,16.4976097500,15.6488085000,16.2352530000,15.8494342500,8357389,87146878.0000,2.700800,1,2.434300,28.117860,1.842952,3.101088,403.666870,0
2020-07-30,sh.603339,16.6673700000,17.8556917500,16.5593407500,17.8556917500,16.2352530000,7764039,88033327.1900,2.509100,1,9.981000,30.924300,2.026897,3.410608,443.956814,0
2020-07-31,sh.603339,18.8588205000,19.5841597500,18.1026157500,19.1674755000,17.8556917500,33659804,411127927.2300,10.877600,1,7.346600,33.196181,2.175804,3.661171,476.572483,0
2020-08-03,sh.603339,18.3804052500,19.0903117500,18.3341070000,18.8279550000,19.1674755000,21855901,264296763.8800,7.063000,1,-1.771300,32.608164,2.137263,3.596319,468.130780,0
2020-08-04,sh.603339,18.5655982500,18.6736275000,17.8402590000,17.9945865000,18.8279550000,15670818,184675902.5800,5.064200,1,-4.426200,31.164852,2.042663,3.437138,447.410238,0
2020-08-05,sh.603339,17.6859315000,17.6859315000,17.0994870000,17.5316040000,17.9945865000,9918401,111835045.3800,3.205300,1,-2.572900,30.363012,1.990108,3.348704,435.898825,0
2020-08-06,sh.603339,17.6550660000,18.0563175000,17.3155455000,18.0563175000,17.5316040000,9895858,113354148.3400,3.198000,1,2.993000,31.271764,2.049671,3.448929,448.945093,0
2020-08-07,sh.603339,17.9019900000,17.9019900000,16.8525630000,17.1920835000,18.0563175000,8638129,96942273.8200,2.791500,1,-4.786300,29.774996,1.951567,3.283852,427.457122,0
2020-08-10,sh.603339,17.2383817500,17.3772765000,16.8834285000,17.0994870000,17.1920835000,5027729,55582463.3600,1.624800,1,-0.538600,29.614628,1.941056,3.266165,425.154840,0
2020-08-11,sh.603339,17.0531887500,17.2538145000,16.6673700000,16.6828027500,17.0994870000,5042228,55549996.3200,1.629500,1,-2.436800,28.892972,1.893756,3.186575,414.794568,0
2020-08-12,sh.603339,16.7291010000,16.7291010000,15.9728962500,16.4358787500,16.6828027500,5582855,59162468.2900,1.804200,1,-1.480100,28.465324,1.865726,3.139410,408.655148,0
2020-08-13,sh.603339,16.4050132500,16.5747735000,16.3895805000,16.4204460000,16.4358787500,3135150,33461363.7800,1.013200,1,-0.093900,28.438596,1.863974,3.136462,408.271435,0
2020-08-14,sh.603339,16.5130425000,16.5439080000,16.2352530000,16.5130425000,16.4204460000,3039216,32371968.3700,0.982200,1,0.563900,28.598964,1.874485,3.154149,410.573717,0
2020-08-17,sh.603339,16.5130425000,16.9451595000,16.4513115000,16.9451595000,16.5130425000,4505295,48973810.3400,1.455900,1,2.616800,29.347348,1.923537,3.236687,421.317702,0
2020-08-18,sh.603339,16.9297267500,17.0068905000,16.6982355000,16.8062647500,16.9451595000,3469960,37739833.0400,1.121400,1,-0.819700,29.106796,1.907770,3.210157,417.864279,0
2020-08-19,sh.603339,16.8371302500,17.2538145000,16.5902062500,17.0994870000,16.8062647500,6665033,73575632.8600,2.153900,1,1.744700,29.614628,1.941056,3.266165,425.154840,0
2020-08-20,sh.603339,16.8988612500,16.8988612500,16.0500600000,16.1272237500,17.0994870000,6431074,68259880.4100,2.078300,1,-5.685900,26.323315,1.831909,2.926895,42.942922,0
2020-08-21,sh.603339,16.1735220000,16.3432822500,15.8340015000,15.8957325000,16.1272237500,3288948,34144001.8900,1.062900,1,-1.435400,25.945468,1.805614,2.884882,42.326516,0
2020-08-24,sh.603339,15.8957325000,16.1580892500,15.6333757500,16.0191945000,15.8957325000,2299617,23717819.7500,0.743200,1,0.776700,26.146986,1.819638,2.907289,42.655266,0
2020-08-25,sh.603339,16.0346272500,16.1117910000,15.8494342500,15.8957325000,16.0191945000,2179574,22554522.9400,0.704400,1,-0.770700,25.945468,1.805614,2.884882,42.326516,0
2020-08-26,sh.603339,15.8648670000,15.9883290000,15.4790482500,15.5407792500,15.8957325000,3350708,34031732.6700,1.082800,1,-2.233000,25.366103,1.765294,2.820463,41.381361,0
2020-08-27,sh.603339,15.5407792500,15.7877032500,15.4636155000,15.7877032500,15.5407792500,2132096,21629420.1000,0.689000,1,1.588900,25.769140,1.793343,2.865276,42.038860,0
2020-08-28,sh.603339,15.8648670000,16.0654927500,15.6488085000,16.0500600000,15.7877032500,2545082,26254557.9000,0.822500,1,1.661800,26.197366,1.823144,2.912891,42.737453,0
2020-08-31,sh.603339,16.0654927500,16.1735220000,15.8957325000,15.9265980000,16.0500600000,2366742,24547573.2600,0.764800,1,-0.769200,25.995848,1.809120,2.890484,42.408703,0
2020-09-01,sh.603339,16.0037617500,16.0500600000,15.7568377500,16.0500600000,15.9265980000,1698804,17519505.9100,0.549000,1,0.775200,26.197366,1.823144,2.912891,42.737453,0
2020-09-02,sh.603339,16.0346272500,16.2661185000,16.0191945000,16.1426565000,16.0500600000,2619684,27401588.6000,0.846600,1,0.576900,26.348504,1.833662,2.929696,42.984015,0
2020-09-03,sh.603339,16.1426565000,16.1889547500,15.8031360000,15.8802997500,16.1426565000,1960909,20333587.4000,0.633700,1,-1.625200,25.920278,1.803861,2.882081,42.285422,0
2020-09-04,sh.603339,15.6179430000,16.0654927500,15.4944810000,16.0037617500,15.8802997500,1936494,19801903.6800,0.625800,1,0.777500,26.121796,1.817885,2.904488,42.614172,0
2020-09-07,sh.603339,16.0500600000,16.1735220000,15.6488085000,15.8185687500,16.0037617500,2086239,21551413.5700,0.674200,1,-1.157200,25.819519,1.796849,2.870878,42.121048,0
2020-09-08,sh.603339,15.8031360000,15.9883290000,15.5870775000,15.8340015000,15.8185687500,2014212,20533086.8800,0.650900,1,0.097600,25.844709,1.798602,2.873679,42.162141,0
2020-09-09,sh.603339,15.8340015000,15.8340015000,15.4636155000,15.4636155000,15.8340015000,2558780,25885765.5400,0.826900,1,-2.339200,25.240154,1.756529,2.806458,41.175892,0
2020-09-10,sh.603339,15.5870775000,15.6179430000,14.6919780000,14.8000072500,15.4636155000,3907554,38152202.8600,1.262800,1,-4.291400,24.156994,1.681149,2.686021,39.408863,0
2020-09-11,sh.603339,14.7074107500,15.0469312500,14.6765452500,14.9852002500,14.8000072500,1579341,15228075.5300,0.510400,1,1.251300,24.459271,1.702186,2.719632,39.901987,0
2020-09-14,sh.603339,14.9852002500,15.3555862500,14.9852002500,15.2166915000,14.9852002500,1311531,12905144.2800,0.423800,1,1.544800,24.837118,1.728481,2.761645,40.518393,0
2020-09-15,sh.603339,15.2784225000,15.3864517500,15.1395277500,15.2321242500,15.2166915000,1274656,12607073.1600,0.411900,1,0.101400,24.862308,1.730234,2.764445,40.559487,0
2020-09-16,sh.603339,15.1703932500,15.2938552500,14.8926037500,14.9697675000,15.2321242500,1250957,12173621.2900,0.404300,1,-1.722400,24.434082,1.700433,2.716831,39.860894,0
2020-09-17,sh.603339,15.0777967500,15.2629897500,14.8308727500,15.1549605000,14.9697675000,1658395,16166528.9600,0.535900,1,1.237100,24.736359,1.721469,2.750441,40.354018,0
2020-09-18,sh.603339,15.1240950000,15.3555862500,15.0932295000,15.2784225000,15.1549605000,1680501,16579966.1000,0.543100,1,0.814700,24.937877,1.735493,2.772848,40.682768,0
2020-09-21,sh.603339,15.2938552500,15.3092880000,15.1395277500,15.1395277500,15.2784225000,1214845,11962206.7100,0.392600,1,-0.909100,24.711169,1.719716,2.747640,40.312925,0
2020-09-22,sh.603339,15.1240950000,15.1240950000,14.7691417500,14.8463055000,15.1395277500,1275584,12348032.0300,0.412200,1,-1.936800,24.232563,1.686408,2.694424,39.532144,0
2020-09-23,sh.603339,14.8463055000,15.0006330000,14.7691417500,14.8463055000,14.8463055000,1256587,12081484.8700,0.406100,1,0.000000,24.232563,1.686408,2.694424,39.532144,0
2020-09-24,sh.603339,14.8463055000,14.8463055000,14.4450540000,14.5222177500,14.8463055000,1975694,18641079.0100,0.638500,1,-2.183000,23.703578,1.649595,2.635606,38.669176,0
2020-09-25,sh.603339,14.5839487500,14.7382762500,14.4759195000,14.5376505000,14.5222177500,971332,9171994.2000,0.313900,1,0.106300,23.728768,1.651348,2.638407,38.710270,0
2020-09-28,sh.603339,14.5530832500,14.6148142500,14.3833230000,14.3987557500,14.5376505000,858601,8046405.8200,0.277500,1,-0.955400,23.502060,1.635571,2.613199,38.340427,0
2020-09-29,sh.603339,14.3833230000,14.6919780000,14.3215920000,14.4604867500,14.3987557500,906092,8488998.2000,0.292800,1,0.428700,23.602819,1.642583,2.624403,38.504802,0
2020-09-30,sh.603339,14.4759195000,14.5222177500,14.3524575000,14.4450540000,14.4604867500,756754,7075304.0600,0.244600,1,-0.106700,23.577629,1.640830,2.621602,38.463708,0
2020-10-09,sh.603339,14.4759195000,14.7537090000,14.4759195000,14.7074107500,14.4450540000,1294394,12314026.0800,0.418300,1,1.816200,24.005855,1.670631,2.669216,39.162301,0
2020-10-12,sh.603339,14.8000072500,15.1086622500,14.7074107500,15.0932295000,14.7074107500,1856754,18006305.2800,0.600000,1,2.623300,24.635600,1.714457,2.739238,40.189643,0
2020-10-13,sh.603339,15.0932295000,15.0932295000,14.9234692500,15.0314985000,15.0932295000,1276541,12389267.1100,0.412500,1,-0.409000,24.534841,1.707445,2.728034,40.025269,0
2020-10-14,sh.603339,14.9697675000,15.2166915000,14.9080365000,15.1858260000,15.0314985000,1605580,15670884.6800,0.518900,1,1.026700,24.786738,1.724975,2.756043,40.436206,0
2020-10-15,sh.603339,15.0932295000,15.1858260000,14.9697675000,14.9852002500,15.1858260000,867808,8462149.6000,0.280400,1,-1.321100,24.459271,1.702186,2.719632,39.901987,0
2020-10-16,sh.603339,15.0006330000,15.0932295000,14.9234692500,15.0623640000,14.9852002500,755348,7343102.5200,0.244100,1,0.514900,24.585220,1.710951,2.733636,40.107456,0
2020-10-19,sh.603339,15.2475570000,15.4944810000,15.0932295000,15.2321242500,15.0623640000,2390627,23708101.2100,0.772600,1,1.127000,24.862308,1.730234,2.764445,40.559487,0
2020-10-20,sh.603339,15.1395277500,15.3555862500,15.0469312500,15.3401535000,15.2321242500,1394838,13770400.8800,0.450800,1,0.709200,22.918934,1.707238,2.720957,91.911564,0
2020-10-21,sh.603339,15.3710190000,15.3864517500,15.1240950000,15.2321242500,15.3401535000,1177876,11625111.5200,0.380600,1,-0.704200,22.757533,1.695215,2.701796,91.264300,0
2020-10-22,sh.603339,15.2784225000,15.3401535000,14.9852002500,15.1858260000,15.2321242500,1196907,11767477.2900,0.386800,1,-0.304000,22.688361,1.690062,2.693584,90.986900,0
2020-10-23,sh.603339,15.1395277500,15.3247207500,14.9389020000,14.9697675000,15.1858260000,1157808,11342713.7200,0.374200,1,-1.422800,22.365559,1.666017,2.655260,89.692371,0
2020-10-26,sh.603339,14.9389020000,15.0469312500,14.7074107500,14.9234692500,14.9697675000,1001869,9673518.1600,0.323800,1,-0.309300,22.296387,1.660864,2.647048,89.414972,0
2020-10-27,sh.603339,14.9543347500,14.9543347500,14.6302470000,14.8154400000,14.9234692500,1064320,10180120.8800,0.343900,1,-0.723900,22.134986,1.648841,2.627886,88.767708,0
2020-10-28,sh.603339,14.7691417500,14.9389020000,14.5530832500,14.8308727500,14.8154400000,1080634,10320536.7400,0.349200,1,0.104200,22.158044,1.650559,2.630624,88.860174,0
2020-10-29,sh.603339,14.6148142500,14.8617382500,14.5685160000,14.7074107500,14.8308727500,1154710,11009581.5000,0.373200,1,-0.832500,21.973585,1.636819,2.608725,88.120443,0
2020-10-30,sh.603339,14.7228435000,14.8154400000,14.2444282500,14.3370247500,14.7074107500,1861818,17556823.5000,0.601700,1,-2.518400,21.420211,1.595598,2.543028,85.901251,0
2020-11-02,sh.603339,14.3370247500,14.4759195000,14.0592352500,14.4759195000,14.3370247500,1215340,11300514.8800,0.392800,1,0.968800,21.627726,1.611055,2.567664,86.733448,0
2020-11-03,sh.603339,14.4759195000,14.8463055000,14.2907265000,14.7845745000,14.4759195000,1559928,14883141.2800,0.504100,1,2.132200,22.088872,1.645406,2.622412,88.582775,0
2020-11-04,sh.603339,15.0623640000,15.6333757500,14.9852002500,15.4944810000,14.7845745000,6627232,65942912.4000,2.141700,1,4.801700,23.149507,1.724413,2.748331,92.836228,0
2020-11-05,sh.603339,15.5099137500,15.5716447500,15.2784225000,15.4636155000,15.4944810000,4051636,40363952.7400,1.309300,1,-0.199200,23.103392,1.720978,2.742856,92.651295,0
2020-11-06,sh.603339,15.3864517500,15.9728962500,15.1395277500,15.7722705000,15.4636155000,5950741,60092853.1000,1.923100,1,1.996000,23.564538,1.755329,2.797604,94.500622,0
2020-11-09,sh.603339,15.7414050000,16.9605922500,15.5716447500,16.4976097500,15.7722705000,10388661,109139148.2800,3.357200,1,4.598800,24.648230,1.836054,2.926261,98.846541,0
2020-11-10,sh.603339,16.3587150000,16.6828027500,16.0500600000,16.1117910000,16.4976097500,5318565,56293423.3100,1.718800,1,-2.338600,24.071798,1.793115,2.857827,96.534882,0
2020-11-11,sh.603339,16.1117910000,16.4513115000,15.7259722500,16.2198202500,16.1117910000,5353324,55739241.2800,1.730000,1,0.670500,24.233199,1.805138,2.876988,97.182147,0
2020-11-12,sh.603339,16.1735220000,16.4358787500,15.8185687500,15.9111652500,16.2198202500,3526699,36744098.3700,1.139700,1,-1.902900,23.772053,1.770787,2.822241,95.332819,0
2020-11-13,sh.603339,15.8340015000,16.3432822500,15.7568377500,16.1580892500,15.9111652500,3883496,40402501.6500,1.255000,1,1.551900,24.140969,1.798268,2.866039,96.812281,0
2020-11-16,sh.603339,16.4513115000,17.3155455000,16.2815512500,16.7599665000,16.1580892500,7314778,79693110.2800,2.363900,1,3.724900,25.040203,1.865252,2.972797,100.418469,0
2020-11-17,sh.603339,16.7291010000,17.4390075000,16.4513115000,17.0686215000,16.7599665000,11022065,121275517.6100,3.561900,1,1.841600,25.501349,1.899603,3.027544,102.267797,0
2020-11-18,sh.603339,16.8525630000,16.9760250000,16.3278495000,16.3278495000,17.0686215000,7718448,82953717.3800,2.494300,1,-4.340000,24.394600,1.817161,2.896150,97.829411,0
2020-11-19,sh.603339,16.2969840000,17.0994870000,16.2352530000,16.9760250000,16.3278495000,6861784,74501885.3200,2.217500,1,3.969800,25.363005,1.889297,3.011120,101.712998,0
2020-11-20,sh.603339,16.9451595000,16.9451595000,16.5284752500,16.7291010000,16.9760250000,4270963,46284162.1600,1.380200,1,-1.454500,24.994089,1.861817,2.967322,100.233537,0
2020-11-23,sh.603339,16.5593407500,16.8216975000,16.4513115000,16.5902062500,16.7291010000,4017678,43235322.2200,1.298400,1,-0.830300,24.786573,1.846359,2.942685,99.401339,0
2020-11-24,sh.603339,16.5439080000,16.7445337500,16.2506857500,16.7136682500,16.5902062500,4307840,46103072.8400,1.392100,1,0.744200,24.971031,1.860099,2.964584,100.141070,0
2020-11-25,sh.603339,17.1303525000,17.8402590000,17.0686215000,17.4853057500,16.7136682500,13094470,148166929.6900,4.231700,1,4.616800,26.123895,1.945976,3.101453,104.764388,0
2020-11-26,sh.603339,17.4081420000,17.4081420000,16.8679957500,16.9297267500,17.4853057500,6311286,69978168.9600,2.039600,1,-3.177400,25.293833,1.884145,3.002908,101.435599,0
2020-11-27,sh.603339,16.8834285000,16.8988612500,16.3741477500,16.6210717500,16.9297267500,4944620,53184237.4600,1.597900,1,-1.823200,24.832688,1.849794,2.948160,99.586272,0
2020-11-30,sh.603339,16.4513115000,16.7445337500,16.4204460000,16.4821770000,16.6210717500,2988720,32110986.3600,0.965800,1,-0.835700,24.625172,1.834336,2.923524,98.754075,0
2020-12-01,sh.603339,16.4821770000,17.0068905000,16.3587150000,16.9760250000,16.4821770000,4066060,44122519.2400,1.314000,1,2.996300,25.363005,1.889297,3.011120,101.712998,0
2020-12-02,sh.603339,16.9605922500,17.2538145000,16.6828027500,16.7291010000,16.9760250000,4416642,48439607.3100,1.427300,1,-1.454500,24.994089,1.861817,2.967322,100.233537,0
2020-12-03,sh.603339,16.7753992500,17.2383817500,16.5747735000,17.1303525000,16.7291010000,4788407,52699917.8900,1.547400,1,2.398500,25.593578,1.906473,3.038494,102.637662,0
2020-12-04,sh.603339,17.1457852500,17.2538145000,16.7599665000,16.9297267500,17.1303525000,2926556,32086357.2800,0.945800,1,-1.171200,25.293833,1.884145,3.002908,101.435599,0
2020-12-07,sh.603339,16.9297267500,17.1149197500,16.4204460000,16.4358787500,16.9297267500,3622554,39229334.7600,1.170700,1,-2.917000,24.556000,1.829183,2.915312,98.476676,0
2020-12-08,sh.603339,16.3741477500,16.6210717500,16.2043875000,16.4821770000,16.4358787500,2409596,25565435.2000,0.778700,1,0.281700,24.625172,1.834336,2.923524,98.754075,0
2020-12-09,sh.603339,16.4050132500,16.8216975000,16.2506857500,16.2969840000,16.4821770000,2878748,30793268.5200,0.930300,1,-1.123600,24.348485,1.813726,2.890675,97.644479,0
2020-12-10,sh.603339,16.3587150000,17.0686215000,16.0037617500,16.9451595000,16.2969840000,6381942,68850996.2900,2.062400,1,3.977300,25.316891,1.885862,3.005645,101.528066,0
2020-12-11,sh.603339,16.9297267500,17.0377560000,15.8031360000,16.0500600000,16.9451595000,6747564,71204059.6700,2.180600,1,-5.282300,23.979569,1.786245,2.846877,96.165017,0
2020-12-14,sh.603339,16.0037617500,16.0191945000,15.4327500000,15.6642412500,16.0500600000,3741599,37823433.9400,1.209100,1,-2.403800,23.403137,1.743306,2.778442,93.853358,0
2020-12-15,sh.603339,15.5870775000,15.6488085000,15.2938552500,15.5407792500,15.6642412500,2026035,20332836.8800,0.654700,1,-0.788200,23.218678,1.729566,2.756543,93.113627,0
2020-12-16,sh.603339,15.5407792500,15.5407792500,14.9852002500,15.0469312500,15.5407792500,2778751,27314104.9700,0.898000,1,-3.177800,22.480846,1.674605,2.668947,90.154703,0
2020-12-17,sh.603339,15.0777967500,16.5593407500,15.0006330000,16.5593407500,15.0469312500,7188034,74340396.0900,2.322900,1,10.051300,24.740459,1.842924,2.937211,99.216407,0
2020-12-18,sh.603339,16.8062647500,17.4390075000,16.7753992500,16.9142940000,16.5593407500,10075704,111022668.7100,3.256100,1,2.143500,25.270776,1.882427,3.000170,101.343133,0
2020-12-21,sh.603339,16.8988612500,16.9760250000,16.5593407500,16.9297267500,16.9142940000,6466454,70316809.6200,2.089700,1,0.091200,25.293833,1.884145,3.002908,101.435599,0
2020-12-22,sh.603339,16.8371302500,17.5161712500,16.7445337500,17.0994870000,16.9297267500,9575661,106952470.8600,3.094500,1,1.002700,25.547463,1.903038,3.033019,102.452729,0
2020-12-23,sh.603339,17.1920835000,17.7630952500,17.0686215000,17.6704987500,17.0994870000,11539764,130405991.3700,3.729200,1,3.339400,26.400583,1.966587,3.134302,105.873985,0
2020-12-24,sh.603339,17.3618437500,17.7476625000,17.0068905000,17.3309782500,17.6704987500,9134824,102546199.1600,2.952000,1,-1.921400,25.893323,1.928801,3.074080,103.839725,0
2020-12-25,sh.603339,17.0994870000,17.6704987500,16.9914577500,17.2229490000,17.3309782500,6903127,77285328.2600,2.230800,1,-0.623300,25.731922,1.916778,3.054918,103.192460,0
2020-12-28,sh.603339,17.1920835000,18.4884345000,16.9914577500,17.9791537500,17.2229490000,13772386,159040509.9300,4.450700,1,4.390700,26.861728,2.000938,3.189050,107.723312,0
2020-12-29,sh.603339,17.8248262500,17.8711245000,17.0223232500,17.1303525000,17.9791537500,9204720,103581842.0900,2.974600,1,-4.721000,25.593578,1.906473,3.038494,102.637662,0
2020-12-30,sh.603339,17.0840542500,17.6242005000,16.7753992500,17.2846800000,17.1303525000,7621078,84837839.4000,2.462900,1,0.900900,25.824151,1.923648,3.065868,103.562326,0
2020-12-31,sh.603339,17.2846800000,17.5624695000,17.0531887500,17.1612180000,17.2846800000,5350186,59785407.0400,1.729000,1,-0.714300,25.639693,1.909908,3.043968,102.822595,0
2021-01-04,sh.603339,17.0686215000,17.7322297500,16.7753992500,17.6242005000,17.1612180000,6757528,75824854.7200,2.183800,1,2.697800,26.331411,1.961434,3.126090,105.596586,0
2021-01-05,sh.603339,17.5007385000,18.2878087500,17.1920835000,18.0717502500,17.6242005000,9939104,114513652.9600,3.212000,1,2.539400,27.000072,2.011243,3.205474,108.278110,0
2021-01-06,sh.603339,17.8402590000,17.9945865000,17.2075162500,17.5161712500,18.0717502500,8500351,96514991.0600,2.747000,1,-3.074300,26.170010,1.949411,3.106928,104.949321,0
2021-01-07,sh.603339,17.2846800000,17.3001127500,16.1426565000,16.2661185000,17.5161712500,8033722,87172258.0100,2.596200,1,-7.136600,24.302370,1.810290,2.885200,97.459546,0
2021-01-08,sh.603339,16.2661185000,16.3587150000,15.7105395000,15.8802997500,16.2661185000,4503561,46640648.8900,1.455400,1,-2.371900,23.725938,1.767352,2.816766,95.147887,0
2021-01-11,sh.603339,15.8957325000,15.9728962500,15.2166915000,15.4790482500,15.8802997500,4575996,46110951.8400,1.478800,1,-2.526700,23.126449,1.722696,2.745594,92.743761,0
2021-01-12,sh.603339,15.3092880000,15.6025102500,15.2938552500,15.5407792500,15.4790482500,2364072,23706948.8400,0.764000,1,0.398800,23.218678,1.729566,2.756543,93.113627,0
2021-01-13,sh.603339,15.5099137500,15.6642412500,14.9852002500,15.6333757500,15.5407792500,3123142,30905712.8000,1.009300,1,0.595800,23.357022,1.739871,2.772968,93.668425,0
2021-01-14,sh.603339,15.5870775000,15.6796740000,15.3710190000,15.5870775000,15.6333757500,2604242,26163421.5400,0.841600,1,-0.296200,23.287850,1.734719,2.764756,93.391026,0
2021-01-15,sh.603339,15.6025102500,16.1117910000,15.5099137500,15.6796740000,15.5870775000,2436308,24882534.9600,0.787300,1,0.594100,23.426194,1.745024,2.781180,93.945824,0
2021-01-18,sh.603339,15.6796740000,15.9574635000,15.5870775000,15.7414050000,15.6796740000,2061560,21006802.6400,0.666200,1,0.393700,23.518423,1.751894,2.792129,94.315690,0
2021-01-19,sh.603339,15.6796740000,15.7568377500,15.3555862500,15.4481827500,15.7414050000,2578655,25865803.9600,0.833300,1,-1.862700,23.080335,1.719261,2.740119,92.558829,0
2021-01-20,sh.603339,15.4327500000,15.5253465000,15.2012587500,15.2784225000,15.4481827500,1600246,15867104.9200,0.517100,1,-1.098900,22.826705,1.700368,2.710008,91.541699,0
2021-01-21,sh.603339,15.3555862500,15.6179430000,15.2629897500,15.4481827500,15.2784225000,1556584,15558320.0400,0.503000,1,1.111100,23.080335,1.719261,2.740119,92.558829,0
2021-01-22,sh.603339,15.4636155000,15.7105395000,15.0932295000,15.6642412500,15.4481827500,2782696,27632066.1100,0.899300,1,1.398600,23.403137,1.743306,2.778442,93.853358,0
2021-01-25,sh.603339,15.6025102500,15.6025102500,15.1395277500,15.2321242500,15.6642412500,1958408,19450007.6400,0.632900,1,-2.758600,22.757533,1.695215,2.701796,91.264300,0
2021-01-26,sh.603339,15.2166915000,15.3864517500,14.7382762500,15.3092880000,15.2321242500,2424004,23612653.9600,0.783300,1,0.506600,22.872819,1.703803,2.715483,91.726631,0
2021-01-27,sh.603339,15.2475570000,15.3092880000,15.0314985000,15.1395277500,15.3092880000,1143708,11224556.7600,0.369600,1,-1.108900,22.619189,1.684910,2.685371,90.709501,0
2021-01-28,sh.603339,14.9697675000,15.1086622500,14.7691417500,14.7691417500,15.1395277500,1445372,13938550.6800,0.467100,1,-2.446500,22.065815,1.643689,2.619674,88.490309,0
2021-01-29,sh.603339,14.7691417500,14.8154400000,14.2907265000,14.4296212500,14.7691417500,1954164,18372118.1600,0.631500,1,-2.298900,21.558554,1.605903,2.559452,86.456049,0
2021-02-01,sh.603339,14.4296212500,14.6611125000,14.2135627500,14.5067850000,14.4296212500,1155684,10784908.5600,0.373500,1,0.534800,21.673841,1.614491,2.573139,86.918381,0
2021-02-02,sh.603339,14.5067850000,14.5067850000,14.2907265000,14.4604867500,14.5067850000,779640,7268874.6800,0.252000,1,-0.319100,21.604669,1.609338,2.564927,86.640981,0
2021-02-03,sh.603339,14.4604867500,14.5376505000,14.1209662500,14.1826972500,14.4604867500,1483432,13713528.8800,0.479400,1,-1.921000,21.189638,1.578422,2.515654,84.976587,0
2021-02-04,sh.603339,14.1209662500,14.1209662500,13.5190890000,13.6271182500,14.1826972500,2243336,19999934.2500,0.725000,1,-3.917300,20.359576,1.516591,2.417108,81.647798,0
2021-02-05,sh.603339,13.6271182500,13.8586095000,13.4264925000,13.4882235000,13.6271182500,1590098,14002794.4900,0.513900,1,-1.019300,20.152060,1.501133,2.392472,80.815601,0
2021-02-08,sh.603339,13.5190890000,13.7197147500,13.4264925000,13.4882235000,13.4882235000,755600,6620586.4800,0.244200,1,0.000000,20.152060,1.501133,2.392472,80.815601,0
2021-02-09,sh.603339,13.5036562500,13.8740422500,13.5036562500,13.7814457500,13.4882235000,757880,6747679.6800,0.244900,1,2.173900,20.590149,1.533766,2.444482,82.572461,0
2021-02-10,sh.603339,13.8894750000,14.1055335000,13.7351475000,14.0129370000,13.7814457500,729140,6592717.4400,0.235600,1,1.679700,20.936008,1.559529,2.485543,83.959457,0
2021-02-18,sh.603339,14.0901007500,14.4296212500,14.0901007500,14.2444282500,14.0129370000,1134246,10470740.7000,0.366500,1,1.652000,21.281867,1.585292,2.526603,85.346452,0
2021-02-19,sh.603339,14.2444282500,14.5376505000,14.1672645000,14.5067850000,14.2444282500,1694970,15815302.9000,0.547800,1,1.841800,21.673841,1.614491,2.573139,86.918381,0
2021-02-22,sh.603339,14.6611125000,15.0932295000,14.5685160000,14.9080365000,14.5067850000,3292700,31710641.7300,1.064100,1,2.766000,22.273330,1.659147,2.644311,89.322506,0
2021-02-23,sh.603339,14.9080365000,14.9080365000,14.5067850000,14.6456797500,14.9080365000,1455501,13821201.8200,0.470400,1,-1.759800,21.881356,1.629948,2.597775,87.750578,0
2021-02-24,sh.603339,14.5685160000,14.7537090000,14.3370247500,14.5685160000,14.6456797500,1526316,14350124.1600,0.493200,1,-0.526900,21.766070,1.621361,2.584088,87.288246,0
2021-02-25,sh.603339,14.6456797500,14.8463055000,14.2907265000,14.5993815000,14.5685160000,1283920,12061331.0000,0.414900,1,0.211900,21.812184,1.624796,2.589563,87.473179,0
2021-02-26,sh.603339,14.3524575000,14.5839487500,14.3524575000,14.4759195000,14.5993815000,752936,7073951.9200,0.243300,1,-0.845700,21.627726,1.611055,2.567664,86.733448,0
2021-03-01,sh.603339,14.4296212500,14.8308727500,14.4296212500,14.8154400000,14.4759195000,1482396,14104837.5600,0.479100,1,2.345400,22.134986,1.648841,2.627886,88.767708,0
2021-03-02,sh.603339,14.8154400000,14.9080365000,14.5067850000,14.6765452500,14.8154400000,918076,8732659.5200,0.296700,1,-0.937500,21.927471,1.633384,2.603250,87.935511,0
2021-03-03,sh.603339,14.7074107500,14.8308727500,14.5530832500,14.8000072500,14.6765452500,1046080,9971768.4400,0.338100,1,0.841200,22.111929,1.647124,2.625149,88.675241,0
2021-03-04,sh.603339,14.7537090000,14.8771710000,14.6765452500,14.7228435000,14.8000072500,931996,8930687.8400,0.301200,1,-0.521400,21.996643,1.638536,2.611462,88.212910,0
2021-03-05,sh.603339,14.7228435000,14.8926037500,14.7074107500,14.8771710000,14.7228435000,802500,7690245.1600,0.259300,1,1.048200,22.227215,1.655712,2.638836,89.137573,0
2021-03-08,sh.603339,15.0006330000,15.1240950000,14.8617382500,14.9543347500,14.8771710000,1482416,14425997.4400,0.479100,1,0.518700,22.342502,1.664299,2.652523,89.599905,0
2021-03-09,sh.603339,14.9852002500,15.0777967500,13.5499545000,14.5222177500,14.9543347500,1223508,11525593.0800,0.395400,1,-2.889600,21.696898,1.616208,2.575876,87.010847,0
2021-03-10,sh.603339,14.5222177500,14.6611125000,14.2135627500,14.2907265000,14.5222177500,881412,8196573.3200,0.284800,1,-1.594000,21.351039,1.590445,2.534815,85.623851,0
2021-03-11,sh.603339,14.3370247500,14.4913522500,14.1518317500,14.4759195000,14.2907265000,695936,6480654.8800,0.224900,1,1.295900,21.627726,1.611055,2.567664,86.733448,0
2021-03-12,sh.603339,14.4450540000,14.4913522500,14.2444282500,14.4296212500,14.4759195000,909148,8457767.4400,0.293800,1,-0.319800,21.558554,1.605903,2.559452,86.456049,0
2021-03-15,sh.603339,14.3061592500,14.4450540000,14.2444282500,14.3061592500,14.4296212500,677948,6294460.8000,0.219100,1,-0.855600,21.374096,1.592162,2.537553,85.716318,0
2021-03-16,sh.603339,14.3678902500,14.4759195000,14.2598610000,14.4759195000,14.3061592500,764840,7139043.3600,0.247200,1,1.186600,21.627726,1.611055,2.567664,86.733448,0
2021-03-17,sh.603339,14.5376505000,14.7228435000,14.3678902500,14.6302470000,14.4759195000,1009144,9554377.2800,0.326100,1,1.066100,21.858299,1.628231,2.595038,87.658111,0
2021-03-18,sh.603339,14.7074107500,14.7537090000,14.3524575000,14.4759195000,14.6302470000,1009060,9466014.3600,0.326100,1,-1.054900,21.627726,1.611055,2.567664,86.733448,0
2021-03-19,sh.603339,14.4913522500,14.6148142500,14.3987557500,14.5067850000,14.4759195000,763056,7181538.4400,0.246600,1,0.213200,21.673841,1.614491,2.573139,86.918381,0
2021-03-22,sh.603339,14.5067850000,14.7074107500,14.4296212500,14.6919780000,14.5067850000,1264192,11953032.4000,0.408500,1,1.276600,21.950528,1.635101,2.605987,88.027977,0
2021-03-23,sh.603339,14.6919780000,14.9080365000,14.6148142500,14.8771710000,14.6919780000,1583712,15177922.2000,0.511800,1,1.260500,22.227215,1.655712,2.638836,89.137573,0
2021-03-24,sh.603339,14.9389020000,15.0932295000,14.6919780000,14.7382762500,14.8771710000,1607260,15504987.8400,0.519400,1,-0.933600,22.019700,1.640254,2.614200,88.305376,0
2021-03-25,sh.603339,15.0006330000,15.0006330000,14.6302470000,14.8000072500,14.7382762500,1128980,10806772.7600,0.364800,1,0.418800,22.111929,1.647124,2.625149,88.675241,0
2021-03-26,sh.603339,14.8000072500,15.0469312500,14.6611125000,14.8617382500,14.8000072500,887160,8491702.3200,0.286700,1,0.417100,22.204158,1.653994,2.636099,89.045107,0
2021-03-29,sh.603339,14.8926037500,15.0006330000,14.6919780000,14.7691417500,14.8617382500,1060432,10184499.2800,0.342700,1,-0.623100,22.065815,1.643689,2.619674,88.490309,0
2021-03-30,sh.603339,14.7845745000,14.8154400000,14.5685160000,14.6611125000,14.7691417500,988448,9393492.1600,0.319400,1,-0.731500,21.904414,1.631666,2.600513,87.843044,0
2021-03-31,sh.603339,14.6919780000,14.8154400000,14.5067850000,14.7845745000,14.6611125000,960056,9135786.4400,0.310300,1,0.842100,22.088872,1.645406,2.622412,88.582775,0
2021-04-01,sh.603339,14.7845745000,14.8926037500,14.6456797500,14.6611125000,14.7845745000,855436,8153965.1200,0.276400,1,-0.835100,21.904414,1.631666,2.600513,87.843044,0
2021-04-02,sh.603339,14.7228435000,15.2012587500,14.6456797500,15.0469312500,14.6611125000,2357225,22902967.3400,0.761800,1,2.631600,22.480846,1.674605,2.668947,90.154703,0
2021-04-06,sh.603339,15.0469312500,15.0623640000,14.8926037500,15.0006330000,15.0469312500,1312489,12725175.7800,0.424100,1,-0.307700,22.411674,1.669452,2.660735,89.877304,0
2021-04-07,sh.603339,15.0006330000,15.6025102500,14.9080365000,15.3092880000,15.0006330000,2517614,24986217.3600,0.813600,1,2.057600,22.872819,1.703803,2.715483,91.726631,0
2021-04-08,sh.603339,15.2629897500,15.7105395000,15.0932295000,15.1703932500,15.3092880000,2710282,27047885.9400,0.875900,1,-0.907300,22.665304,1.688345,2.690846,90.894434,0
2021-04-09,sh.603339,14.6148142500,14.8154400000,14.4759195000,14.6765452500,15.1703932500,2550411,24176527.5000,0.824200,1,-3.255300,27.645403,1.625594,2.667492,-42.385938,0
2021-04-12,sh.603339,14.5222177500,14.6765452500,14.0592352500,14.1055335000,14.6765452500,2235464,20775607.8400,0.722400,1,-3.890600,26.569820,1.562348,2.563710,-40.736853,0
2021-04-13,sh.603339,14.1055335000,14.1981300000,13.8123112500,14.0283697500,14.1055335000,1517213,13763324.9000,0.490300,1,-0.547000,26.424471,1.553801,2.549685,-40.514004,0
2021-04-14,sh.603339,14.0746680000,14.2444282500,13.9820715000,14.2444282500,14.0283697500,674844,6172040.1600,0.218100,1,1.540200,26.831448,1.577732,2.588954,-41.137982,0
2021-04-15,sh.603339,14.2289955000,14.4913522500,14.1209662500,14.2752937500,14.2444282500,680506,6295715.5100,0.219900,1,0.216700,26.889588,1.581151,2.594564,-41.227122,0
2021-04-16,sh.603339,14.3524575000,14.4913522500,14.1981300000,14.3370247500,14.2752937500,1029284,9570836.9600,0.332600,1,0.432400,27.005867,1.587988,2.605784,-41.405401,0
2021-04-19,sh.603339,14.3987557500,14.5530832500,14.3524575000,14.4913522500,14.3370247500,998029,9361895.7300,0.322500,1,1.076400,27.296565,1.605082,2.633833,-41.851100,0
2021-04-20,sh.603339,14.5222177500,14.5839487500,14.3215920000,14.3524575000,14.4913522500,984389,9221570.6000,0.318100,1,-0.958500,27.034937,1.589697,2.608588,-41.449971,0
2021-04-21,sh.603339,14.3061592500,14.4913522500,14.2135627500,14.4141885000,14.3524575000,927528,8636910.5200,0.299700,1,0.430100,27.151216,1.596535,2.619808,-41.628250,0
2021-04-22,sh.603339,14.5530832500,14.6148142500,14.3987557500,14.4759195000,14.4141885000,1024245,9632286.5100,0.331000,1,0.428300,24.307999,1.573756,2.397235,327.912601,0
2021-04-23,sh.603339,14.5685160000,14.5839487500,14.3370247500,14.5067850000,14.4759195000,908320,8498849.7600,0.293500,1,0.213200,24.359829,1.577111,2.402346,328.611775,0
2021-04-26,sh.603339,14.5222177500,14.5376505000,14.2752937500,14.3061592500,14.5067850000,1113912,10375396.4400,0.360000,1,-1.383000,24.022937,1.555300,2.369123,324.067144,0
2021-04-27,sh.603339,14.2752937500,14.3370247500,14.0438025000,14.2752937500,14.3061592500,1013848,9289813.6000,0.327600,1,-0.215700,23.971108,1.551945,2.364011,323.367970,0
2021-04-28,sh.603339,14.3524575000,14.9543347500,14.3370247500,14.7537090000,14.2752937500,2302337,21907615.7500,0.744000,1,3.351400,24.774464,1.603956,2.443237,334.205166,0
2021-04-29,sh.603339,14.7537090000,14.8617382500,14.4759195000,14.5067850000,14.7537090000,1212636,11488495.1600,0.391900,1,-1.673600,24.359829,1.577111,2.402346,328.611775,0
2021-04-30,sh.603339,14.5067850000,14.5839487500,14.1981300000,14.2907265000,14.5067850000,927712,8636359.1600,0.299800,1,-1.489400,23.997023,1.553623,2.366567,323.717557,0
2021-05-06,sh.603339,14.3061592500,14.4604867500,14.1981300000,14.2907265000,14.2907265000,894784,8279772.9600,0.289200,1,0.000000,23.997023,1.553623,2.366567,323.717557,0
2021-05-07,sh.603339,14.2752937500,14.3061592500,14.0283697500,14.0901007500,14.2907265000,1115437,10220764.6800,0.360500,1,-1.403900,23.660131,1.531811,2.333343,319.172926,0
2021-05-10,sh.603339,14.1055335000,14.1055335000,13.8586095000,13.9049077500,14.0901007500,1653064,14909576.1200,0.534200,1,-1.314300,23.349155,1.511678,2.302675,314.977882,0
2021-05-11,sh.603339,14.3524575000,14.3524575000,13.9203405000,14.1363990000,13.9049077500,1303632,11863720.6400,0.421300,1,1.664800,23.737876,1.536845,2.341010,320.221687,0
2021-05-12,sh.603339,14.2135627500,14.2752937500,14.0129370000,14.2289955000,14.1363990000,1091632,10017142.2000,0.352800,1,0.655000,23.893364,1.546911,2.356344,322.319209,0
2021-05-13,sh.603339,14.2289955000,14.3215920000,14.0746680000,14.1518317500,14.2289955000,755424,6944310.7600,0.244100,1,-0.542300,23.763790,1.538523,2.343566,320.571274,0
2021-05-14,sh.603339,14.1672645000,14.3524575000,14.1518317500,14.3524575000,14.1518317500,985704,9121028.6400,0.318500,1,1.417700,24.100681,1.560334,2.376790,325.115905,0
2021-05-17,sh.603339,14.2907265000,14.3524575000,14.1518317500,14.1826972500,14.3524575000,917368,8451034.5200,0.296500,1,-1.182800,23.815620,1.541878,2.348677,321.270448,0
2021-05-18,sh.603339,14.1826972500,14.2444282500,14.0746680000,14.1363990000,14.1826972500,880352,8072287.7200,0.284500,1,-0.326400,23.737876,1.536845,2.341010,320.221687,0
2021-05-19,sh.603339,14.2289955000,14.2444282500,13.9049077500,13.9512060000,14.1363990000,1314716,11962599.6000,0.424900,1,-1.310000,23.426899,1.516711,2.310342,316.026643,0
2021-05-20,sh.603339,13.9666387500,14.2444282500,13.9357732500,14.1518317500,13.9512060000,1140487,10455727.4000,0.368600,1,1.438100,23.763790,1.538523,2.343566,320.571274,0
2021-05-21,sh.603339,14.1981300000,14.1981300000,13.9666387500,14.0129370000,14.1518317500,1198103,10914043.5000,0.387200,1,-0.981500,23.530558,1.523423,2.320564,317.424991,0
2021-05-24,sh.603339,14.0283697500,14.1672645000,14.0283697500,14.1055335000,14.0129370000,601188,5488901.7200,0.194300,1,0.660800,23.686046,1.533489,2.335899,319.522513,0
2021-05-25,sh.603339,14.1826972500,14.2289955000,14.0746680000,14.1981300000,14.1055335000,932560,8556233.0000,0.301400,1,0.656500,23.841534,1.543556,2.351233,321.620035,0
2021-05-26,sh.603339,14.2135627500,14.5530832500,14.1518317500,14.3370247500,14.1981300000,1519256,14141457.6800,0.491000,1,0.978300,24.074767,1.558656,2.374234,324.766318,0
2021-05-27,sh.603339,14.4306290000,14.4774310400,14.3058235600,14.4462296800,14.3370249200,1346040,12441131.4400,0.435000,1,0.761700,23.997023,1.553623,2.366567,323.717557,0
2021-05-28,sh.603339,14.5086324000,14.5086324000,14.3214242400,14.3370249200,14.4462296800,1006756,9289887.8800,0.325300,1,-0.755900,23.815620,1.541878,2.348677,321.270448,0
2021-05-31,sh.603339,14.4930317200,14.7894446400,14.3838269600,14.7426426000,14.3370249200,1862497,17496475.2600,0.601900,1,2.829200,24.489402,1.585500,2.415125,330.359709,0
2021-06-01,sh.603339,14.7270419200,14.9142500800,14.5866358000,14.7738439600,14.7426426000,1535799,14534875.5500,0.496300,1,0.211600,24.541232,1.588856,2.420236,331.058883,0
2021-06-02,sh.603339,14.7894446400,14.8830487200,14.6178371600,14.6334378400,14.7738439600,1181735,11143111.7500,0.381900,1,-0.950400,24.307999,1.573756,2.397235,327.912601,0
2021-06-03,sh.603339,14.6334378400,15.1014582400,14.6178371600,14.9142500800,14.6334378400,2449666,23464526.9200,0.791600,1,1.919000,24.774464,1.603956,2.443237,334.205166,0
2021-06-04,sh.603339,15.0546562000,15.0546562000,14.8050453200,14.8206460000,14.9142500800,1030352,9836205.4000,0.333000,1,-0.627600,24.618976,1.593889,2.427903,332.107644,0
2021-06-07,sh.603339,14.8206460000,15.1950623200,14.7894446400,14.9766528000,14.8206460000,1102471,10606709.9700,0.356300,1,1.052600,24.878123,1.610667,2.453460,335.603514,0
2021-06-08,sh.603339,14.9766528000,15.1482602800,14.8674480400,15.0390555200,14.9766528000,1075170,10347033.2000,0.347500,1,0.416700,24.981782,1.617378,2.463683,337.001862,0
2021-06-09,sh.603339,15.0390555200,15.3978711600,14.9298507600,14.9610521200,15.0390555200,921300,8900374.0400,0.297700,1,-0.518700,24.852208,1.608989,2.450905,335.253927,0
2021-06-10,sh.603339,14.9142500800,15.0390555200,14.7582432800,14.8206460000,14.9610521200,1191492,11338110.7200,0.385000,1,-0.938500,24.618976,1.593889,2.427903,332.107644,0
2021-06-11,sh.603339,14.8206460000,15.0546562000,14.7426426000,14.7426426000,14.8206460000,1100536,10478426.1200,0.355700,1,-0.526300,24.489402,1.585500,2.415125,330.359709,0
2021-06-15,sh.603339,14.7426426000,14.8518473600,14.6022364800,14.8050453200,14.7426426000,992700,9381025.1200,0.320800,1,0.423300,24.593061,1.592211,2.425348,331.758057,0
2021-06-16,sh.603339,14.7270419200,14.8986494000,14.4618303600,14.4774310400,14.8050453200,1543144,14552483.9200,0.498700,1,-2.212900,24.048852,1.556978,2.371678,324.416731,0
2021-06-17,sh.603339,14.4774310400,15.2574650400,14.3994276400,14.8674480400,14.4774310400,2236220,21435798.6600,0.722700,1,2.694000,24.696720,1.598923,2.435570,333.156405,0
2021-06-18,sh.603339,14.7270419200,15.3198677600,14.6802398800,15.3042670800,14.8674480400,3020171,29235761.3100,0.976000,1,2.938100,25.422332,1.645900,2.507130,342.944841,0
2021-06-21,sh.603339,15.2574650400,15.4446732000,15.0234548400,15.1326596000,15.3042670800,1877472,18235408.5200,0.606700,1,-1.121300,25.137270,1.627445,2.479017,339.099384,0
2021-06-22,sh.603339,15.1326596000,15.4446732000,15.0546562000,15.2886664000,15.1326596000,1998277,19573100.6300,0.645800,1,1.030900,25.396417,1.644223,2.504574,342.595254,0
2021-06-23,sh.603339,15.2418643600,15.4914752400,15.1794616400,15.4134718400,15.2886664000,1685464,16609445.5100,0.544700,1,0.816300,25.603735,1.657645,2.525019,345.391950,0
2021-06-24,sh.603339,15.3978711600,15.4602738800,15.1482602800,15.1794616400,15.4134718400,1529009,14946710.6500,0.494100,1,-1.518200,25.215014,1.632478,2.486684,340.148145,0
2021-06-25,sh.603339,15.2106630000,15.3042670800,15.0390555200,15.1482602800,15.1794616400,1697761,16467410.7500,0.548700,1,-0.205500,25.163185,1.629123,2.481573,339.448971,0
2021-06-28,sh.603339,15.1326596000,15.1482602800,14.9454514400,15.0546562000,15.1482602800,1046607,10089547.7600,0.338200,1,-0.617900,25.007696,1.619056,2.466239,337.351449,0
2021-06-29,sh.603339,15.0546562000,15.1794616400,14.7894446400,14.7894446400,15.0546562000,983824,9403061.1500,0.317900,1,-1.761700,24.567146,1.590534,2.422792,331.408470,0
2021-06-30,sh.603339,14.7894446400,14.8986494000,14.7270419200,14.8674480400,14.7894446400,844400,8013839.9200,0.272900,1,0.527400,24.696720,1.598923,2.435570,333.156405,0
2021-07-01,sh.603339,14.8362466800,15.1326596000,14.7426426000,14.8362466800,14.8674480400,975441,9341033.4500,0.315200,1,-0.209900,24.644890,1.595567,2.430459,332.457231,0
2021-07-02,sh.603339,14.8362466800,14.8830487200,14.5866358000,14.6334378400,14.8362466800,1076862,10139007.6200,0.348000,1,-1.367000,24.307999,1.573756,2.397235,327.912601,0
2021-07-05,sh.603339,14.6178371600,14.9454514400,14.6178371600,14.9454514400,14.6334378400,837906,7946819.6000,0.270800,1,2.132200,24.826293,1.607312,2.448349,334.904340,0
2021-07-06,sh.603339,14.9454514400,15.0390555200,14.8362466800,14.9922534800,14.9454514400,1049473,10042638.4900,0.339200,1,0.313200,24.904038,1.612345,2.456016,335.953101,0
2021-07-07,sh.603339,14.9766528000,15.0546562000,14.8362466800,14.8674480400,14.9922534800,1079772,10341593.1600,0.348900,1,-0.832500,24.696720,1.598923,2.435570,333.156405,0
2021-07-08,sh.603339,14.8674480400,14.9454514400,14.6178371600,14.6490385200,14.8674480400,1132346,10676138.9600,0.365900,1,-1.469000,24.333914,1.575434,2.399791,328.262187,0
2021-07-09,sh.603339,14.6490385200,14.7270419200,14.5086324000,14.7270419200,14.6490385200,1318849,12320430.8800,0.426200,1,0.532500,24.463487,1.583823,2.412569,330.010122,0
2021-07-12,sh.603339,14.6802398800,15.1014582400,14.6802398800,15.0858575600,14.7270419200,1854654,17760277.2800,0.599400,1,2.436400,25.059526,1.622411,2.471350,338.050623,0
2021-07-13,sh.603339,15.0390555200,15.2106630000,14.9610521200,15.1482602800,15.0858575600,1545964,14992371.2800,0.499600,1,0.413700,25.163185,1.629123,2.481573,339.448971,0
2021-07-14,sh.603339,15.1638609600,15.6318813600,15.0390555200,15.3978711600,15.1482602800,4352601,43040942.2600,1.406600,1,1.647800,25.577820,1.655967,2.522464,345.042363,0
2021-07-15,sh.603339,15.5070759200,15.5694786400,15.1326596000,15.5226766000,15.3978711600,3003590,29612849.1800,0.970600,1,0.810500,25.785138,1.669389,2.542909,347.839059,0
2021-07-16,sh.603339,15.6630827200,15.6942840800,15.3510691200,15.3978711600,15.5226766000,2175750,21585483.6600,0.703100,1,-0.804000,25.577820,1.655967,2.522464,345.042363,0
2021-07-19,sh.603339,15.4914752400,15.5070759200,15.2886664000,15.3198677600,15.3978711600,1671473,16469249.1100,0.540200,1,-0.506600,25.448246,1.647578,2.509685,343.294428,0
2021-07-20,sh.603339,15.3354684400,15.4758745600,15.1014582400,15.4758745600,15.3198677600,1618612,15856699.9800,0.523100,1,1.018300,25.707394,1.664356,2.535242,346.790298,0
2021-07-21,sh.603339,15.5382772800,16.3651133200,15.3822704800,16.0374990400,15.4758745600,4942426,50753001.7400,1.597200,1,3.629000,26.640323,1.724756,2.627247,359.375430,0
2021-07-22,sh.603339,16.0374990400,16.0999017600,15.8346902000,16.0687004000,16.0374990400,2729476,27932653.0600,0.882100,1,0.194600,26.692153,1.728112,2.632358,360.074604,0
2021-07-23,sh.603339,15.9906970000,16.3651133200,15.7566868000,16.2715092400,16.0687004000,3637480,37490909.8000,1.175500,1,1.262100,27.029044,1.749923,2.665582,364.619235,0
2021-07-26,sh.603339,16.1779051600,16.1935058400,15.6786834000,16.0062976800,16.2715092400,2450988,25041017.2500,0.792100,1,-1.629900,26.588494,1.721400,2.622136,358.676256,0
2021-07-27,sh.603339,15.9906970000,16.3963146800,15.7722874800,16.0843010800,16.0062976800,3532086,36709084.1000,1.141400,1,0.487300,26.718067,1.729789,2.634914,360.424191,0
2021-07-28,sh.603339,15.9750963200,15.9750963200,15.4134718400,15.7566868000,16.0843010800,2502321,25149012.9700,0.808700,1,-2.036900,26.173858,1.694556,2.581245,353.082864,0
2021-07-29,sh.603339,15.8346902000,16.3495126400,15.7878881600,16.2091065200,15.7566868000,3234175,33526888.4800,1.045200,1,2.871300,26.925385,1.743212,2.655360,363.220887,0
2021-07-30,sh.603339,16.1623044800,16.8799357600,15.9594956400,16.8175330400,16.2091065200,5196856,55203960.4400,1.679400,1,3.753600,27.936059,1.808645,2.755031,376.854780,0
2021-08-02,sh.603339,16.8487344000,16.9579391600,16.6147242000,16.7239289600,16.8175330400,2873678,30815042.5400,0.928700,1,-0.556600,27.780570,1.798578,2.739697,374.757258,0
2021-08-03,sh.603339,16.6927276000,16.8643350800,16.4431167200,16.5991235200,16.7239289600,2830252,30221139.6000,0.914600,1,-0.746300,27.573253,1.785156,2.719252,371.960562,0
2021-08-04,sh.603339,16.5835228400,16.9267378000,16.3963146800,16.8175330400,16.5991235200,3278105,35054102.9300,1.059400,1,1.315800,27.936059,1.808645,2.755031,376.854780,0
2021-08-05,sh.603339,16.6927276000,16.9267378000,16.1779051600,16.1779051600,16.8175330400,3480136,36647289.1200,1.124700,1,-3.803300,26.873556,1.739856,2.650248,362.521713,0
2021-08-06,sh.603339,16.1935058400,16.5835228400,16.0999017600,16.4587174000,16.1779051600,3060112,32064471.8000,0.988900,1,1.735800,27.340020,1.770056,2.696251,368.814279,0
2021-08-09,sh.603339,16.4743180800,16.6147242000,16.1935058400,16.2091065200,16.4587174000,1763116,18401372.8000,0.569800,1,-1.516600,26.925385,1.743212,2.655360,363.220887,0
2021-08-10,sh.603339,16.1467038000,16.5991235200,16.1467038000,16.4587174000,16.2091065200,1899192,19980153.2800,0.613700,1,1.539900,27.340020,1.770056,2.696251,368.814279,0
2021-08-11,sh.603339,16.4431167200,16.8019323600,16.3183112800,16.6147242000,16.4587174000,2533104,26959429.3200,0.818600,1,0.947900,27.599168,1.786834,2.721807,372.310149,0
2021-08-12,sh.603339,16.6303248800,16.8799357600,16.3963146800,16.5367208000,16.6147242000,2830051,30110170.3500,0.914600,1,-0.469500,27.469594,1.778445,2.709029,370.562214,0
2021-08-13,sh.603339,16.6147242000,16.6459255600,16.3651133200,16.4899187600,16.5367208000,1971112,20809894.5400,0.637000,1,-0.283000,27.391850,1.773412,2.701362,369.513453,0
2021-08-16,sh.603339,16.4899187600,17.2855534400,16.3963146800,17.0359425600,16.4899187600,5939321,64616803.4200,1.919400,1,3.311300,28.298865,1.832134,2.790811,381.748998,0
2021-08-17,sh.603339,17.0047412000,17.2699527600,16.6771269200,16.6771269200,17.0359425600,3960036,42841984.7300,1.279700,1,-2.106200,27.702826,1.793545,2.732030,373.708497,0
2021-08-18,sh.603339,16.5991235200,16.6615262400,16.2091065200,16.3339119600,16.6771269200,3289460,34584321.8800,1.063000,1,-2.058000,27.132703,1.756634,2.675805,366.017583,0
2021-08-19,sh.603339,16.4431167200,16.5211201200,16.0374990400,16.1623044800,16.3339119600,1996993,20765168.6800,0.645400,1,-1.050600,25.269990,1.726962,2.532504,-16.182591,0
2021-08-20,sh.603339,16.0999017600,16.1935058400,15.6786834000,15.8814922400,16.1623044800,2622440,26659973.4700,0.847500,1,-1.737500,24.830936,1.696957,2.488503,-15.901426,0
2021-08-23,sh.603339,15.8814922400,17.2543520800,15.8346902000,17.1763486800,15.8814922400,6780026,73625334.7400,2.191100,1,8.153200,26.855462,1.835314,2.691396,-17.197908,0
2021-08-24,sh.603339,17.1919493600,17.3011541200,16.8487344000,17.1139459600,17.1763486800,4614448,50469367.0800,1.491200,1,-0.363300,26.757895,1.828646,2.681618,-17.135427,0
2021-08-25,sh.603339,17.0671439200,17.5819663600,16.8955364400,17.4259595600,17.1139459600,4622945,51201265.8100,1.494000,1,1.823200,27.245732,1.861985,2.730508,-17.447832,0
2021-08-26,sh.603339,17.4415602400,17.7067718000,17.1919493600,17.4103588800,17.4259595600,3702058,41390535.3500,1.196400,1,-0.089500,27.221340,1.860318,2.728064,-17.432212,0
2021-08-27,sh.603339,17.3791575200,17.6131677200,17.2543520800,17.3947582000,17.4103588800,3458756,38587889.1600,1.117700,1,-0.089600,27.196949,1.858651,2.725619,-17.416592,0
2021-08-30,sh.603339,17.4883622800,17.5507650000,17.0983452800,17.2231507200,17.3947582000,2814329,31109747.9600,0.909500,1,-0.986500,26.928638,1.840314,2.698730,-17.244769,0
2021-08-31,sh.603339,17.2387514000,17.3479561600,16.9579391600,17.2231507200,17.2231507200,2348082,25770248.3800,0.758800,1,0.000000,26.928638,1.840314,2.698730,-17.244769,0
2021-09-01,sh.603339,17.2075500400,17.2699527600,16.7863316800,17.0047412000,17.2231507200,2612124,28527680.8200,0.844100,1,-1.268100,26.587152,1.816977,2.664507,-17.026085,0
2021-09-02,sh.603339,17.0359425600,17.5975670400,16.9267378000,17.4571609200,17.0047412000,3013524,33546138.9300,0.973900,1,2.660600,27.294516,1.865319,2.735397,-17.479073,0
2021-09-03,sh.603339,17.5195636400,17.5195636400,17.0671439200,17.3011541200,17.4571609200,2945636,32704999.1200,0.951900,1,-0.893700,27.050597,1.848649,2.710952,-17.322870,0
2021-09-06,sh.603339,17.2855534400,17.4571609200,17.1139459600,17.4103588800,17.3011541200,2494556,27663678.6800,0.806100,1,0.631200,27.221340,1.860318,2.728064,-17.432212,0
2021-09-07,sh.603339,17.3947582000,17.5975670400,17.2699527600,17.3011541200,17.4103588800,2554675,28447810.8700,0.825600,1,-0.627200,27.050597,1.848649,2.710952,-17.322870,0
2021-09-08,sh.603339,17.2699527600,17.8003758800,17.1451473200,17.6599697600,17.3011541200,4852817,54436430.7800,1.568300,1,2.073900,27.611611,1.886989,2.767176,-17.682136,0
2021-09-09,sh.603339,17.6755704400,17.7535738400,17.1607480000,17.2075500400,17.6599697600,3381353,37606983.5500,1.092700,1,-2.561800,26.904246,1.838648,2.696285,-17.229149,0
2021-09-10,sh.603339,17.1763486800,17.4415602400,16.9735398400,17.2231507200,17.2075500400,3033837,33367511.1000,0.980400,1,0.090700,26.928638,1.840314,2.698730,-17.244769,0
2021-09-13,sh.603339,17.3479561600,17.5975670400,17.0983452800,17.4727616000,17.2231507200,3161443,35149430.9700,1.021700,1,1.449300,27.318908,1.866986,2.737842,-17.494693,0
2021-09-14,sh.603339,17.5507650000,17.7067718000,17.1607480000,17.3011541200,17.4727616000,3279228,36724258.0100,1.059700,1,-0.982100,27.050597,1.848649,2.710952,-17.322870,0
2021-09-15,sh.603339,17.2231507200,18.3307990000,17.2231507200,18.0187854000,17.3011541200,6541398,75416900.6700,2.113900,1,4.147900,28.172624,1.925329,2.823399,-18.041402,0
2021-09-16,sh.603339,18.0499867600,18.7832187200,17.8627786000,18.1435908400,18.0187854000,7477316,87635475.5500,2.416400,1,0.692600,28.367759,1.938665,2.842955,-18.166364,0
2021-09-17,sh.603339,18.1279901600,19.5008500000,17.8627786000,19.2668398000,18.1435908400,14084227,169144808.4200,4.551500,1,6.190900,30.123974,2.058685,3.018959,-19.291023,0
2021-09-22,sh.603339,18.7208160000,19.2668398000,18.5648092000,19.2668398000,19.2668398000,6860600,83358429.1600,2.217100,1,0.000000,30.123974,2.058685,3.018959,-19.291023,0
2021-09-23,sh.603339,19.3448432000,19.4072459200,18.7364166800,18.8924234800,19.2668398000,5237876,63562043.3900,1.692700,1,-1.943300,29.538569,2.018678,2.960291,-18.916137,0
2021-09-24,sh.603339,18.6272119200,18.6272119200,17.2231507200,17.2855534400,18.8924234800,8784021,100180552.0400,2.838700,1,-8.505400,27.026205,1.846982,2.708508,-17.307250,0
2021-09-27,sh.603339,17.2387514000,17.2387514000,16.2403078800,16.5367208000,17.2855534400,5164011,55246048.8300,1.668800,1,-4.332100,25.855395,1.766969,2.591172,-16.557477,0
2021-09-28,sh.603339,16.4431167200,16.7083282800,16.3807140000,16.4119153600,16.5367208000,1819309,19270609.2200,0.587900,1,-0.754700,25.660260,1.753633,2.571616,-16.432515,0
2021-09-29,sh.603339,16.7083282800,16.7083282800,15.8970929200,16.0843010800,16.4119153600,2294198,23764719.4500,0.741400,1,-1.996200,25.148030,1.718627,2.520281,-16.104490,0
2021-09-30,sh.603339,16.1779051600,16.3339119600,16.0687004000,16.2247072000,16.0843010800,1287671,13401131.4100,0.416100,1,0.872900,25.367557,1.733630,2.542282,-16.245072,0
2021-10-08,sh.603339,16.4899187600,16.6147242000,16.3807140000,16.5679221600,16.2247072000,1372720,14522953.4800,0.443600,1,2.115400,25.904179,1.770303,2.596061,-16.588718,0
2021-10-11,sh.603339,16.5679221600,16.6771269200,16.3027106000,16.3651133200,16.5679221600,1453787,15306652.1800,0.469800,1,-1.224100,25.587084,1.748632,2.564282,-16.385654,0
2021-10-12,sh.603339,16.4587174000,16.4587174000,15.8658915600,16.0218983600,16.3651133200,1862407,19153580.3600,0.601900,1,-2.097200,25.050463,1.711959,2.510503,-16.042009,0
2021-10-13,sh.603339,16.0218983600,16.2871099200,15.9126936000,16.1779051600,16.0218983600,1048956,10846087.8000,0.339000,1,0.973700,25.294382,1.728629,2.534948,-16.198211,0
2021-10-14,sh.603339,16.1779051600,16.5055194400,16.0843010800,16.3339119600,16.1779051600,1158307,12138147.5000,0.374300,1,0.964300,25.538301,1.745298,2.559393,-16.354414,0
2021-10-15,sh.603339,16.2403078800,16.5835228400,16.1155024400,16.4743180800,16.3339119600,1404500,14730286.7700,0.453900,1,0.859600,25.757828,1.760301,2.581394,-16.494996,0
2021-10-18,sh.603339,16.5991235200,17.2699527600,16.5991235200,16.9735398400,16.4743180800,3850263,41976331.0600,1.244300,1,3.030300,23.916082,1.764244,2.374834,-45.471571,0
2021-10-19,sh.603339,17.3167548000,17.3635568400,17.0203418800,17.1295466400,16.9735398400,2444216,26920352.0400,0.789900,1,0.919100,24.135899,1.780460,2.396662,-45.889508,0
2021-10-20,sh.603339,16.9579391600,17.6911711200,16.9267378000,17.4415602400,17.1295466400,3162406,35301980.7200,1.022000,1,1.821500,24.575533,1.812891,2.440317,-46.725383,0
2021-10-21,sh.603339,17.4415602400,17.8315772400,17.3635568400,17.4103588800,17.4415602400,2368296,26669467.7200,0.765300,1,-0.178900,24.531570,1.809648,2.435951,-46.641795,0
2021-10-22,sh.603339,17.3791575200,17.5039629600,16.9891405200,17.0047412000,17.4103588800,2066328,22733958.5600,0.667800,1,-2.329700,23.960046,1.767487,2.379200,-45.555158,0
2021-10-25,sh.603339,17.1763486800,17.2075500400,16.6459255600,17.0671439200,17.0047412000,1823531,19814281.0300,0.589300,1,0.367000,24.047972,1.773974,2.387931,-45.722333,0
2021-10-26,sh.603339,17.0359425600,17.2855534400,16.8331337200,16.8955364400,17.0671439200,1539092,16799075.7600,0.497400,1,-1.005500,23.806174,1.756137,2.363920,-45.262602,0
2021-10-27,sh.603339,17.1919493600,17.1919493600,16.2403078800,16.6147242000,16.8955364400,2602158,27651810.4600,0.840900,1,-1.662000,23.410503,1.726949,2.324631,-44.510315,0
2021-10-28,sh.603339,16.3807140000,16.5991235200,15.9438949600,16.0374990400,16.6147242000,2206883,22817480.0200,0.713200,1,-3.474200,22.597181,1.666951,2.243869,-42.963947,0
2021-10-29,sh.603339,16.1779051600,16.2871099200,15.6942840800,16.0999017600,16.0374990400,2049144,21055963.9600,0.662200,1,0.389100,22.685108,1.673438,2.252600,-43.131122,0
2021-11-01,sh.603339,16.2091065200,16.5523214800,15.9906970000,16.5367208000,16.0999017600,1722919,18066994.0300,0.556800,1,2.713200,23.300595,1.718841,2.313717,-44.301347,0
2021-11-02,sh.603339,16.4431167200,16.8019323600,16.0062976800,16.1935058400,16.5367208000,1879894,19724053.3800,0.607500,1,-2.075500,22.816998,1.683167,2.265697,-43.381885,0
2021-11-03,sh.603339,16.1935058400,16.6615262400,16.0062976800,16.5211201200,16.1935058400,1743634,18340558.6200,0.563500,1,2.023100,23.278613,1.717219,2.311534,-44.259553,0
2021-11-04,sh.603339,16.4587174000,17.1295466400,16.4119153600,17.0515432400,16.5211201200,2609316,28222018.1200,0.843200,1,3.210600,24.025991,1.772352,2.385748,-45.680539,0
2021-11-05,sh.603339,17.0047412000,17.2543520800,16.8799357600,17.0359425600,17.0515432400,1733208,18925215.0400,0.560100,1,-0.091500,24.004009,1.770731,2.383565,-45.638746,0
2021-11-08,sh.603339,17.0359425600,17.6287684000,16.7863316800,17.5351643200,17.0359425600,3328664,37112473.4700,1.075700,1,2.930400,24.707423,1.822620,2.453413,-46.976145,0
2021-11-09,sh.603339,17.4415602400,17.6131677200,17.3011541200,17.5663656800,17.5351643200,2066902,23156250.0700,0.667900,1,0.177900,24.751387,1.825863,2.457779,-47.059732,0
2021-11-10,sh.603339,17.5663656800,17.6911711200,17.3167548000,17.6287684000,17.5663656800,2484560,27899913.0800,0.802900,1,0.355200,24.839313,1.832349,2.466510,-47.226907,0
2021-11-11,sh.603339,17.5507650000,18.0499867600,17.5195636400,17.8159765600,17.6287684000,2858899,32749193.9900,0.923900,1,1.061900,25.103094,1.851808,2.492703,-47.728432,0
2021-11-12,sh.603339,17.7847752000,18.3307990000,17.7847752000,18.0031847200,17.8159765600,2593688,29950902.6000,0.838200,1,1.050800,25.366874,1.871267,2.518896,-48.229957,0
2021-11-15,sh.603339,18.0187854000,18.5336078400,17.9719833600,18.1747922000,18.0031847200,3758922,44049050.1800,1.214700,1,0.953200,25.608673,1.889104,2.542906,-48.689688,0
2021-11-16,sh.603339,18.1123894800,18.4712051200,17.9251813200,18.0187854000,18.1747922000,3216240,37443864.0800,1.039400,1,-0.858400,25.388856,1.872888,2.521079,-48.271750,0
2021-11-17,sh.603339,17.8627786000,18.7364166800,17.8159765600,18.6272119200,18.0187854000,4221680,50054815.4800,1.364300,1,3.376600,26.246142,1.936128,2.606206,-49.901705,0
2021-11-18,sh.603339,18.5960105600,18.7832187200,18.3463996800,18.4712051200,18.6272119200,2401448,28458272.8800,0.776100,1,-0.837500,26.026325,1.919913,2.584378,-49.483768,0
2021-11-19,sh.603339,18.6272119200,18.8456214400,18.3463996800,18.7676180400,18.4712051200,2852098,34121780.3400,0.921700,1,1.604700,26.443977,1.950722,2.625851,-50.277849,0
2021-11-22,sh.603339,18.7676180400,18.7988194000,18.3151983200,18.5180071600,18.7676180400,2613312,31057468.6800,0.844500,1,-1.330000,26.092270,1.924778,2.590927,-49.609149,0
2021-11-23,sh.603339,18.6428126000,18.6896146400,18.3307990000,18.4868058000,18.5180071600,2147748,25477210.3600,0.694100,1,-0.168500,26.048307,1.921535,2.586561,-49.525562,0
2021-11-24,sh.603339,18.4556044400,18.5648092000,18.1123894800,18.3776010400,18.4868058000,3002668,35188129.2000,0.970400,1,-0.590700,25.894435,1.910184,2.571282,-49.233006,0
2021-11-25,sh.603339,18.3620003600,19.0952323200,18.2059935600,18.5960105600,18.3776010400,3215191,38443921.5900,1.039000,1,1.188500,26.202178,1.932885,2.601840,-49.818118,0
2021-11-26,sh.603339,18.6740139600,18.7052153200,18.2371949200,18.2527956000,18.5960105600,2451617,28846693.3400,0.792300,1,-1.845600,25.718581,1.897211,2.553820,-48.898656,0
2021-11-29,sh.603339,17.9563826800,19.3760445600,17.9407820000,18.7988194000,18.2527956000,5030408,60679608.7600,1.625600,1,2.991500,26.487940,1.953966,2.630216,-50.361436,0
2021-11-30,sh.603339,18.9392255200,19.2512391200,18.5336078400,19.0172289200,18.7988194000,3932030,47740277.2000,1.270700,1,1.161800,26.795684,1.976667,2.660775,-50.946549,0
2021-12-01,sh.603339,19.1576350400,19.4228466000,18.9080241600,19.2044370800,19.0172289200,3794241,46700860.3100,1.226200,1,0.984400,27.059464,1.996126,2.686968,-51.448073,0
2021-12-02,sh.603339,19.2044370800,19.3292425200,18.7676180400,18.9392255200,19.2044370800,2167902,26278346.4800,0.700600,1,-1.381000,26.685776,1.968559,2.649861,-50.737580,0
2021-12-03,sh.603339,18.8612221200,19.0796316400,18.5804098800,19.0172289200,18.9392255200,2431149,29343222.1600,0.785700,1,0.411900,26.795684,1.976667,2.660775,-50.946549,0
2021-12-06,sh.603339,19.0016282400,19.0328296000,18.2059935600,18.2527956000,19.0172289200,3824621,45311742.2500,1.236000,1,-4.019700,25.718581,1.897211,2.553820,-48.898656,0
2021-12-07,sh.603339,18.3463996800,18.5960105600,17.7847752000,17.9407820000,18.2527956000,3132633,36256455.3800,1.012400,1,-1.709400,25.278947,1.864780,2.510165,-48.062782,0
2021-12-08,sh.603339,17.9719833600,19.7348602000,17.9719833600,19.7348602000,17.9407820000,14442500,180878784.1300,4.667300,1,10.000000,27.806842,2.051258,2.761181,-52.869060,0
2021-12-09,sh.603339,19.9688704000,20.0936758400,19.1576350400,19.2824404800,19.7348602000,15432148,192318726.1200,4.987100,1,-2.292500,27.169373,2.004234,2.697882,-51.657042,0
2021-12-10,sh.603339,19.2512391200,20.0936758400,19.1264336800,19.7660615600,19.2824404800,11114086,139843491.8400,3.591700,1,2.508100,27.850805,2.054502,2.765547,-52.952647,0
2021-12-13,sh.603339,20.8737098400,21.7473479200,19.8128636000,19.8908670000,19.7660615600,20963176,275276306.8900,6.774500,1,0.631400,28.026659,2.067474,2.783009,-53.286997,0
2021-12-14,sh.603339,19.8752663200,21.8877540400,19.8284642800,21.8877540400,19.8908670000,16822890,231223462.7900,5.436500,1,10.039200,30.840316,2.275032,3.062401,-58.636594,0
2021-12-15,sh.603339,22.3089724000,23.2138118400,21.3573309200,21.4041329600,21.8877540400,28985646,412268712.7400,9.367100,1,-2.209600,30.158883,2.224764,2.994736,-57.340988,0
2021-12-16,sh.603339,21.0453173200,21.3729316000,20.7489044000,21.1545220800,21.4041329600,15490224,209147462.7700,5.005900,1,-1.166200,29.807176,2.198819,2.959812,-56.672289,0
2021-12-17,sh.603339,21.0453173200,21.7629486000,20.4836928400,20.6709010000,21.1545220800,12592177,169788206.6900,4.069300,1,-2.286100,29.125744,2.148551,2.892146,-55.376683,0
2021-12-20,sh.603339,20.7021023600,21.3417302400,20.3744880800,21.2793275200,20.6709010000,9556242,128695166.3900,3.088200,1,2.943400,29.983030,2.211792,2.977274,-57.006638,0
2021-12-21,sh.603339,21.0297166400,21.8253513200,20.7177030400,21.4821363600,21.2793275200,9777006,132661178.1600,3.159600,1,0.953100,30.268792,2.232872,3.005650,-57.549957,0
2021-12-22,sh.603339,21.4821363600,21.4821363600,20.7645050800,20.8425084800,21.4821363600,6849220,92000717.0100,2.213400,1,-2.977500,29.367542,2.166388,2.916157,-55.836414,0
2021-12-23,sh.603339,20.8269078000,20.8269078000,20.1560785600,20.5460955600,20.8425084800,6688587,87393579.2400,2.161500,1,-1.422200,28.949890,2.135579,2.874684,-55.042333,0
2021-12-24,sh.603339,20.6396996400,21.6849452000,20.5148942000,20.9517132400,20.5460955600,10129589,137429698.6000,3.273500,1,1.974200,29.521414,2.177739,2.931436,-56.128970,0
2021-12-27,sh.603339,21.0453173200,21.4977370400,20.6084982800,21.2169248000,20.9517132400,6287376,85353424.4500,2.031800,1,1.265800,29.895103,2.205305,2.968543,-56.839464,0
2021-12-28,sh.603339,21.0453173200,22.1841669600,20.6709010000,22.1061635600,21.2169248000,11800281,164261011.5200,3.813400,1,4.191200,31.148059,2.297734,3.092960,-59.221706,0
2021-12-29,sh.603339,22.1061635600,22.6209860000,21.5445390800,22.1217642400,22.1061635600,8823728,124617955.9400,2.851500,1,0.070600,31.170041,2.299355,3.095142,-59.263499,0
2021-12-30,sh.603339,22.0281601600,22.5273819200,21.7161465600,21.8097506400,22.1217642400,7809387,110791080.9000,2.523700,1,-1.410400,30.730407,2.266924,3.051487,-58.427625,0
2021-12-31,sh.603339,21.5289384000,21.9657574400,21.3885322800,21.4509350000,21.8097506400,6187106,85648198.9100,1.999400,1,-1.645200,30.224828,2.229629,3.001284,-57.466369,0
2022-01-04,sh.603339,21.7785492800,21.8253513200,21.0765186800,21.4041329600,21.4509350000,5264324,72126939.4000,1.701200,1,-0.218200,30.158883,2.224764,2.994736,-57.340988,0
2022-01-05,sh.603339,21.2481261600,21.4509350000,20.3432867200,20.4212901200,21.4041329600,7678417,101817272.5100,2.481400,1,-4.591800,28.774037,2.122607,2.857222,-54.707984,0
2022-01-06,sh.603339,20.7333037200,21.9345560800,20.6865016800,21.1233207200,20.4212901200,8583436,117081144.6400,2.773900,1,3.437700,29.763213,2.195576,2.955446,-56.588701,0
2022-01-07,sh.603339,21.1233207200,21.3105288800,20.2964846800,20.2964846800,21.1233207200,6833588,90496112.8400,2.208400,1,-3.914300,28.598183,2.109634,2.839760,-54.373634,0
2022-01-10,sh.603339,20.3120853600,20.8113071200,19.7972629200,20.4368908000,20.2964846800,4789196,62709875.8400,1.547700,1,0.691800,28.796018,2.124228,2.859405,-54.749777,0
2022-01-11,sh.603339,20.4836928400,22.0905628800,20.3588874000,21.5601397600,20.4368908000,9802431,135271252.2900,3.167800,1,5.496200,30.378700,2.240980,3.016563,-57.758925,0
2022-01-12,sh.603339,21.6537438400,21.9657574400,21.2481261600,21.7941499600,21.5601397600,6372110,88694456.7200,2.059200,1,1.085400,30.708426,2.265303,3.049305,-58.385831,0
2022-01-13,sh.603339,21.7317472400,22.8705968800,21.6381431600,22.2309690000,21.7941499600,12184928,175331840.7900,3.937700,1,2.004300,31.323913,2.310706,3.110422,-59.556056,0
2022-01-14,sh.603339,21.9969588000,22.2621703600,21.5289384000,21.5913411200,22.2309690000,6917037,96779776.1400,2.235300,1,-2.877200,30.422664,2.244223,3.020929,-57.842513,0
2022-01-17,sh.603339,21.5289384000,21.6537438400,21.2169248000,21.4353343200,21.5913411200,5331107,73238603.1100,1.722800,1,-0.722500,30.202847,2.228007,2.999101,-57.424576,0
2022-01-18,sh.603339,21.3729316000,21.6225424800,20.7489044000,20.9829146000,21.4353343200,6966486,94682754.8200,2.251300,1,-2.110600,29.565378,2.180982,2.935802,-56.212558,0
2022-01-19,sh.603339,21.2325254800,21.6069418000,20.6709010000,21.1389214000,20.9829146000,6719348,90685197.7200,2.171400,1,0.743500,29.785194,2.197198,2.957629,-56.630495,0
2022-01-20,sh.603339,20.9985152800,21.2013241200,20.1716792400,20.2340819600,21.1389214000,6487724,85500980.8800,2.096600,1,-4.280400,28.510256,2.103148,2.831029,-54.206459,0
2022-01-21,sh.603339,20.2028806000,20.6553003200,20.0468738000,20.5772969200,20.2340819600,3701539,48402449.2400,1.196200,1,1.696200,28.993853,2.138822,2.879050,-55.125921,0
2022-01-24,sh.603339,20.5304948800,20.5616962400,20.0624744800,20.2652833200,20.5772969200,2858808,37140138.8000,0.923900,1,-1.516300,28.554220,2.106391,2.835395,-54.290046,0
2022-01-25,sh.603339,20.1248772000,20.2496826400,19.3760445600,19.3760445600,20.2652833200,4504492,57099893.7600,1.455700,1,-4.388000,27.301263,2.013963,2.710978,-51.907804,0
2022-01-26,sh.603339,19.5164506800,19.8908670000,19.0484302800,19.7504608800,19.3760445600,3497443,43870678.1100,1.130200,1,1.932400,27.828824,2.052880,2.763364,-52.910854,0
2022-01-27,sh.603339,19.6880581600,19.7504608800,18.7520173600,18.7676180400,19.7504608800,3143956,38339081.4400,1.016000,1,-4.976300,26.443977,1.950722,2.625851,-50.277849,0
2022-01-28,sh.603339,18.9236248400,20.0156724400,18.6116112400,19.7660615600,18.7676180400,5313115,66341544.2500,1.717000,1,5.320000,27.850805,2.054502,2.765547,-52.952647,0
2022-02-07,sh.603339,20.0312731200,20.4368908000,19.6724574800,20.0000717600,19.7660615600,3864396,49797367.9200,1.248800,1,1.183900,28.180531,2.078825,2.798288,-53.579553,0
2022-02-08,sh.603339,20.0000717600,20.2028806000,19.7504608800,20.1248772000,20.0000717600,2483302,31845189.9800,0.802500,1,0.624000,28.356384,2.091797,2.815750,-53.913903,0
2022-02-09,sh.603339,20.1092765200,20.2028806000,19.8128636000,20.0780751600,20.1248772000,2430216,31162156.3200,0.785400,1,-0.232600,28.290439,2.086932,2.809202,-53.788522,0
2022-02-10,sh.603339,20.0936758400,20.0936758400,19.7504608800,19.8908670000,20.0780751600,1940849,24725513.6900,0.627200,1,-0.932400,28.026659,2.067474,2.783009,-53.286997,0
2022-02-11,sh.603339,19.8908670000,19.8908670000,19.1888364000,19.2200377600,19.8908670000,2819451,35019322.6600,0.911100,1,-3.372500,27.081446,1.997747,2.689151,-51.489867,0
2022-02-14,sh.603339,19.1420343600,19.6412561200,19.0640309600,19.2824404800,19.2200377600,1994210,24799984.3000,0.644500,1,0.324700,27.169373,2.004234,2.697882,-51.657042,0
2022-02-15,sh.603339,19.2824404800,19.4852493200,19.0484302800,19.2668398000,19.2824404800,1794876,22149014.9600,0.580000,1,-0.080900,27.147391,2.002612,2.695699,-51.615248,0
2022-02-16,sh.603339,19.4696486400,19.5008500000,19.2356384400,19.3136418400,19.2668398000,1703370,21140538.8800,0.550500,1,0.242900,27.213336,2.007477,2.702247,-51.740629,0
2022-02-17,sh.603339,19.3136418400,19.4228466000,18.9548262000,18.9704268800,19.3136418400,2629200,32309700.0000,0.849700,1,-1.777100,26.729739,1.971803,2.654227,-50.821167,0
2022-02-18,sh.603339,18.8924234800,19.2356384400,18.7364166800,19.1576350400,18.9704268800,1742520,21284935.7200,0.563100,1,0.986800,26.993519,1.991261,2.680420,-51.322692,0
2022-02-21,sh.603339,19.1420343600,19.5944540800,19.0640309600,19.5632527200,19.1576350400,1700520,21140110.6000,0.549500,1,2.117300,27.565043,2.033421,2.737171,-52.409329,0
2022-02-22,sh.603339,19.4696486400,19.6256554400,19.0328296000,19.1264336800,19.5632527200,2100644,25873581.2400,0.678900,1,-2.232900,26.949556,1.988018,2.676054,-51.239105,0
2022-02-23,sh.603339,19.3448432000,19.7660615600,19.1264336800,19.5320513600,19.1264336800,2547700,31806385.0800,0.823300,1,2.120700,27.521080,2.030178,2.732806,-52.325741,0
2022-02-24,sh.603339,19.4072459200,19.6100547600,18.5024064800,18.7988194000,19.5320513600,3553430,43257220.4400,1.148300,1,-3.754000,26.487940,1.953966,2.630216,-50.361436,0
2022-02-25,sh.603339,19.0328296000,19.4696486400,19.0016282400,19.2356384400,18.7988194000,2109424,25910991.9600,0.681700,1,2.323700,27.103428,1.999369,2.691333,-51.531661,0
2022-02-28,sh.603339,19.2044370800,19.2044370800,18.6116112400,19.1264336800,19.2356384400,3415044,41336952.0000,1.103600,1,-0.567700,26.949556,1.988018,2.676054,0.000000,0
2022-03-01,sh.603339,19.1888364000,19.4072459200,19.1108330000,19.3292425200,19.1264336800,1641484,20294859.0000,0.530500,1,1.060400,27.235318,2.009098,2.704430,-51.782423,0
2022-03-02,sh.603339,19.3136418400,19.6724574800,19.2668398000,19.5944540800,19.3292425200,2070464,25891366.0000,0.669100,1,1.372100,27.609007,2.036664,2.741537,-52.492916,0
2022-03-03,sh.603339,19.6568568000,19.7348602000,19.4540479600,19.4852493200,19.5944540800,1777492,22292343.0000,0.574400,1,-0.557300,27.455135,2.025314,2.726257,-52.200360,0
2022-03-04,sh.603339,19.4540479600,19.8596656400,19.1888364000,19.6568568000,19.4852493200,2930171,36818813.0000,0.946900,1,0.880700,27.696934,2.043151,2.750268,-52.660091,0
2022-03-07,sh.603339,19.5944540800,19.8908670000,19.1732357200,19.3448432000,19.6568568000,3336740,41793817.0000,1.078300,1,-1.587300,27.257300,2.010720,2.706613,-51.824217,0
2022-03-08,sh.603339,19.3604438800,19.5008500000,18.6428126000,18.8144200800,19.3448432000,2891756,35147404.0000,0.934500,1,-2.741900,26.509922,1.955587,2.632399,-50.403230,0
2022-03-09,sh.603339,18.8612221200,19.0016282400,17.4571609200,17.9563826800,18.8144200800,4714680,54924666.0000,1.523600,1,-4.560500,25.300929,1.866402,2.512348,-48.104575,0
2022-03-10,sh.603339,18.4400037600,18.8144200800,18.1435908400,18.2215942400,17.9563826800,4052868,47924436.0000,1.309700,1,1.477000,25.674618,1.893968,2.549454,-48.815069,0
2022-03-11,sh.603339,17.9719833600,18.2215942400,17.4883622800,18.1747922000,18.2215942400,3905758,44753660.0000,1.262200,1,-0.256800,25.608673,1.889104,2.542906,-48.689688,0
2022-03-14,sh.603339,18.0655874400,18.1747922000,17.3635568400,17.3947582000,18.1747922000,4334760,49045394.0000,1.400800,1,-4.291800,24.509588,1.808026,2.433769,-46.600001,0
2022-03-15,sh.603339,17.7535738400,17.7535738400,16.6771269200,16.6771269200,17.3947582000,3936728,43424968.0000,1.272200,1,-4.125600,19.150361,1.733435,2.002499,-44.677490,0
2022-03-16,sh.603339,16.8955364400,17.2387514000,16.3807140000,17.2231507200,16.6771269200,3931668,42493676.0000,1.270600,1,3.274100,19.777361,1.790189,2.068063,-46.140270,0
2022-03-17,sh.603339,17.6287684000,17.6287684000,17.0827446000,17.1919493600,17.2231507200,3112036,34537925.0000,1.005700,1,-0.181200,19.741532,1.786946,2.064316,-46.056683,0
2022-03-18,sh.603339,17.0515432400,17.5975670400,17.0047412000,17.3635568400,17.1919493600,2420396,26949345.2000,0.782200,1,0.998200,19.938589,1.804783,2.084922,-46.516414,0
2022-03-21,sh.603339,17.4259595600,17.6911711200,17.3323554800,17.5507650000,17.3635568400,3040896,34168697.3000,0.982700,1,1.078200,20.153561,1.824242,2.107401,-47.017939,0
2022-03-22,sh.603339,17.5039629600,17.6443690800,17.3011541200,17.4103588800,17.5507650000,2224176,24924174.0400,0.718800,1,-0.800000,19.992332,1.809648,2.090542,-46.641795,0
2022-03-23,sh.603339,17.4727616000,17.5663656800,17.2699527600,17.3635568400,17.4103588800,2011618,22457017.0800,0.650100,1,-0.268800,19.938589,1.804783,2.084922,-46.516414,0
2022-03-24,sh.603339,17.3479561600,17.3947582000,17.0359425600,17.1139459600,17.3635568400,2433307,26793292.0700,0.786400,1,-1.437600,19.651961,1.778838,2.054950,-45.847714,0
2022-03-25,sh.603339,16.9891405200,17.5351643200,16.9891405200,17.2855534400,17.1139459600,2243752,24956444.8800,0.725100,1,1.002700,19.849018,1.796675,2.075556,-46.307445,0
2022-03-28,sh.603339,17.1763486800,17.3479561600,16.8175330400,17.0827446000,17.2855534400,2402480,26219649.2700,0.776400,1,-1.173300,19.616132,1.775595,2.051204,-45.764127,0
2022-03-29,sh.603339,17.2387514000,17.2387514000,16.8487344000,16.9267378000,17.0827446000,2187900,23824751.7200,0.707000,1,-0.913200,19.436990,1.759380,2.032471,-45.346190,0
2022-03-30,sh.603339,16.9891405200,17.0359425600,16.7551303200,16.8019323600,16.9267378000,2289200,24720718.0000,0.739800,1,-0.737300,19.293675,1.746407,2.017485,-45.011840,0
2022-03-31,sh.603339,16.8643350800,17.1919493600,16.7551303200,17.0983452800,16.8019323600,2240056,24478915.1600,0.723900,1,1.764200,19.634047,1.777217,2.053077,-45.805921,0
2022-04-01,sh.603339,16.9735398400,17.0983452800,16.8175330400,16.8643350800,17.0983452800,2873072,31183017.2400,0.928500,1,-1.368600,19.365333,1.752894,2.024978,-45.179015,0
2022-04-06,sh.603339,16.8955364400,17.1919493600,16.8019323600,17.1607480000,16.8643350800,1949568,21372536.1600,0.630000,1,1.757600,19.705704,1.783703,2.060570,-45.973096,0
2022-04-07,sh.603339,17.0515432400,17.0515432400,16.4275160400,16.4587174000,17.1607480000,3419560,36583093.5200,1.105100,1,-4.090900,18.899561,1.710733,1.976274,-44.092378,0
2022-04-08,sh.603339,16.4119153600,16.5679221600,16.0687004000,16.1935058400,16.4587174000,1763561,18393505.9000,0.569900,1,-1.611400,18.595019,1.683167,1.944429,-43.381885,0
2022-04-11,sh.603339,16.2247072000,16.8955364400,16.2247072000,16.4119153600,16.1935058400,3180106,33814589.4000,1.027700,1,1.348700,18.845819,1.705869,1.970654,-43.966997,0
2022-04-12,sh.603339,16.6303248800,18.0499867600,15.8502908800,17.3947582000,16.4119153600,7645686,83914196.4800,2.470800,1,5.988600,19.974418,1.808026,2.088669,-46.600001,0
2022-04-13,sh.603339,17.4103588800,18.3620003600,17.0203418800,17.8627786000,17.3947582000,12741618,145066774.4400,4.117600,1,2.690600,20.511846,1.856673,2.144866,-47.853813,0
2022-04-14,sh.603339,17.7067718000,17.7535738400,17.1607480000,17.4103588800,17.8627786000,8204550,91362530.2000,2.651400,1,-2.532800,19.992332,1.809648,2.090542,-46.641795,0
2022-04-15,sh.603339,17.2387514000,17.2855534400,16.2091065200,16.2247072000,17.4103588800,6939944,73506000.8000,2.242700,1,-6.810000,18.630847,1.686410,1.948175,-43.465472,0
2022-04-18,sh.603339,16.1779051600,17.2387514000,15.7566868000,16.8019323600,16.2247072000,5796486,61138908.4000,1.873200,1,3.557700,19.293675,1.746407,2.017485,-45.011840,0
2022-04-19,sh.603339,16.7083282800,17.0671439200,16.5367208000,16.9891405200,16.8019323600,3922572,42416227.1200,1.267600,1,1.114200,19.967198,1.729551,2.042417,-22.910100,0
2022-04-20,sh.603339,17.0515432400,17.5351643200,16.6927276000,16.7551303200,16.9891405200,4800604,52246612.8800,1.551400,1,-1.377400,19.692168,1.705728,2.014284,-22.594534,0
2022-04-21,sh.603339,16.6459255600,16.7395296400,15.8502908800,15.8814922400,16.7551303200,4686260,48766981.7600,1.514400,1,-5.214200,18.665388,1.616789,1.909256,-21.416421,0
2022-04-22,sh.603339,15.6942840800,16.6147242000,15.0702568800,16.2403078800,15.8814922400,7760972,79460141.6400,2.508100,1,2.259300,19.087101,1.653317,1.952393,-21.900289,0
2022-04-25,sh.603339,16.0218983600,16.5523214800,15.6006800000,15.6318813600,16.2403078800,5708440,59068240.6000,1.844800,1,-3.746400,18.372023,1.591377,1.879248,-21.079817,0
2022-04-26,sh.603339,16.0843010800,16.3183112800,14.7426426000,15.1014582400,15.6318813600,6837136,68211290.5700,2.209500,1,-3.393200,16.370335,1.500681,1.675882,143.484434,0
2022-04-27,sh.603339,14.5554344400,15.0546562000,13.8534038400,14.9922534800,15.1014582400,6970820,64177926.8400,2.252700,1,-0.723100,16.251954,1.489829,1.663763,142.446840,0
2022-04-28,sh.603339,14.8362466800,15.4758745600,14.5086324000,14.8518473600,14.9922534800,3798357,36606971.0700,1.227500,1,-0.936500,16.099751,1.475877,1.648182,141.112790,0
2022-04-29,sh.603339,14.9298507600,15.6630827200,14.9298507600,15.5226766000,14.8518473600,3873376,38307241.6000,1.251700,1,4.516800,16.826946,1.542539,1.722627,147.486582,0
2022-05-05,sh.603339,15.5226766000,16.1155024400,15.3822704800,15.8034888400,15.5226766000,3660664,37141866.0000,1.183000,1,1.809000,17.131353,1.570444,1.753790,150.154681,0
2022-05-06,sh.603339,15.4602738800,15.7566868000,15.4134718400,15.6318813600,15.8034888400,2422136,24204087.9600,0.782700,1,-1.085900,16.945326,1.553391,1.734746,148.524176,0
2022-05-09,sh.603339,15.7410861200,15.8814922400,15.4602738800,15.7410861200,15.6318813600,2772188,27932249.5200,0.895900,1,0.698600,17.063707,1.564243,1.746865,149.561770,0
2022-05-10,sh.603339,15.6786834000,15.9594956400,15.5070759200,15.9594956400,15.7410861200,2272948,23066451.6000,0.734500,1,1.387500,17.300468,1.585947,1.771103,151.636958,0
2022-05-11,sh.603339,15.9126936000,16.3027106000,15.8658915600,15.8658915600,15.9594956400,3147248,32440712.0000,1.017100,1,-0.586500,17.198999,1.576646,1.760715,150.747592,0
2022-05-12,sh.603339,15.7566868000,16.2247072000,15.7410861200,16.0999017600,15.8658915600,2679400,27443688.0000,0.865900,1,1.474900,17.452671,1.599900,1.786684,152.971008,0
2022-05-13,sh.603339,16.2559085600,16.3339119600,16.0374990400,16.2091065200,16.0999017600,1678160,17420525.4800,0.542300,1,0.678300,17.571052,1.610752,1.798803,154.008602,0
2022-05-16,sh.603339,16.3183112800,16.4899187600,16.1155024400,16.2403078800,16.2091065200,2394040,24994396.9200,0.773700,1,0.192500,17.604875,1.613853,1.802266,154.305057,0
2022-05-17,sh.603339,16.0843010800,16.2559085600,15.9594956400,16.1467038000,16.2403078800,1885084,19490540.3600,0.609200,1,-0.576400,17.503406,1.604551,1.791878,153.415691,0
2022-05-18,sh.603339,16.2715092400,16.3495126400,16.0062976800,16.1623044800,16.1467038000,1622732,16868309.1600,0.524400,1,0.096600,17.520317,1.606101,1.793610,153.563919,0
2022-05-19,sh.603339,16.3027106000,17.3635568400,16.3027106000,16.6615262400,16.1623044800,6654140,70855068.3400,2.150400,1,3.088800,18.061485,1.655710,1.849011,158.307206,0
2022-05-20,sh.603339,16.5991235200,16.9111371200,16.3807140000,16.7239289600,16.6615262400,5284504,56507305.2800,1.707800,1,0.374500,18.129131,1.661912,1.855936,158.900117,0
2022-05-23,sh.603339,16.7863316800,17.1607480000,16.6303248800,16.9891405200,16.7239289600,3851322,41931540.1200,1.244600,1,1.585800,18.416627,1.688267,1.885368,161.419988,0
2022-05-24,sh.603339,16.9423384800,17.1295466400,16.3339119600,16.3339119600,16.9891405200,3870128,41517702.7200,1.250700,1,-3.856700,17.706344,1.623154,1.812654,155.194424,0
2022-05-25,sh.603339,16.4743180800,16.6615262400,16.3027106000,16.6459255600,16.3339119600,2130640,22537961.8000,0.688500,1,1.910200,18.044574,1.654160,1.847279,158.158978,0
2022-05-26,sh.603339,16.6459255600,16.7551303200,16.3807140000,16.6927276000,16.6459255600,2013800,21434607.0000,0.650800,1,0.281200,18.095308,1.658811,1.852473,158.603661,0
2022-05-27,sh.603339,16.5523214800,17.1295466400,16.5523214800,16.6927276000,16.6927276000,2841807,30578380.4000,0.918400,1,0.000000,18.095308,1.658811,1.852473,158.603661,0
2022-05-30,sh.603339,16.6147242000,16.7551303200,16.4275160400,16.7083282800,16.6927276000,2173580,23120762.8000,0.702400,1,0.093500,18.112220,1.660361,1.854204,158.751889,0
2022-05-31,sh.603339,16.5367208000,16.8799357600,16.4431167200,16.8175330400,16.7083282800,2493592,26678039.6000,0.805800,1,0.653600,18.230600,1.671213,1.866323,159.789483,0
2022-06-01,sh.603339,16.9579391600,17.0515432400,16.6615262400,16.8955364400,16.8175330400,2020520,21830907.1600,0.653000,1,0.463800,18.315158,1.678965,1.874980,160.530622,0
2022-06-02,sh.603339,17.1607480000,17.5975670400,17.0515432400,17.4415602400,16.8955364400,6281804,69850261.8400,2.030000,1,3.231800,18.907060,1.733225,1.935575,165.718592,0
2022-06-06,sh.603339,17.4415602400,17.7691745200,17.2855534400,17.4103588800,17.4415602400,4343298,48836532.3600,1.403600,1,-0.178900,18.873237,1.730124,1.932112,165.422136,0
2022-06-07,sh.603339,17.3947582000,17.5507650000,17.1607480000,17.2855534400,17.4103588800,2537634,28178867.1400,0.820100,1,-0.716800,18.737945,1.717722,1.918262,164.236315,0
2022-06-08,sh.603339,17.2699527600,17.3479561600,16.7083282800,17.1139459600,17.2855534400,4861326,52962245.5400,1.571000,1,-0.992800,18.551919,1.700669,1.899218,162.605810,0
2022-06-09,sh.603339,16.7395296400,17.0983452800,16.5523214800,16.6927276000,17.1139459600,3115928,33476296.6800,1.007000,1,-2.461300,18.095308,1.658811,1.852473,158.603661,0
2022-06-10,sh.603339,16.6303248800,17.1139459600,16.5367208000,17.0047412000,16.6927276000,2268185,24597351.7800,0.733000,1,1.869200,18.433538,1.689817,1.887099,161.568216,0
2022-06-13,sh.603339,17.1139459600,17.2231507200,16.8175330400,17.0359425600,17.0047412000,2395290,26130478.2200,0.774100,1,0.183500,18.467361,1.692917,1.890561,161.864671,0
2022-06-14,sh.603339,16.9735398400,16.9735398400,16.4119153600,16.9111371200,17.0359425600,2520456,26984687.4400,0.814500,1,-0.732600,18.332069,1.680515,1.876711,160.678849,0
2022-06-15,sh.603339,16.9111371200,17.1451473200,16.8175330400,16.8175330400,16.9111371200,3390796,36950234.4000,1.095800,1,-0.553500,18.230600,1.671213,1.866323,159.789483,0
2022-06-16,sh.603339,16.8175330400,17.1451473200,16.8019323600,17.0515432400,16.8175330400,2225288,24306558.6800,0.719100,1,1.391500,18.484273,1.694468,1.892293,162.012899,0
2022-06-17,sh.603339,16.9735398400,17.2855534400,16.8175330400,17.0983452800,17.0515432400,2266208,24835308.6000,0.732400,1,0.274500,18.535007,1.699119,1.897487,162.457582,0
2022-06-20,sh.603339,17.2699527600,17.8315772400,17.1763486800,17.6911711200,17.0983452800,5411487,61074794.3400,1.748800,1,3.467200,19.177644,1.758030,1.963275,168.090235,0
2022-06-21,sh.603339,17.7067718000,17.9719833600,17.5663656800,17.8003758800,17.6911711200,4482524,51209187.9200,1.448600,1,0.617300,19.296025,1.768882,1.975394,169.127829,0
2022-06-22,sh.603339,17.8783792800,18.1279901600,17.3167548000,17.3479561600,17.8003758800,3425773,38489591.9700,1.107100,1,-2.541600,18.805591,1.723923,1.925187,164.829226,0
2022-06-23,sh.603339,17.4111592000,17.6323536000,17.3005620000,17.5217564000,17.3479608000,2630501,29094220.8800,0.850100,1,1.001800,18.754857,1.719272,1.919993,164.384542,0
2022-06-24,sh.603339,17.7429508000,17.9325460000,17.4269588000,17.8535480000,17.5217564000,3115285,35038721.2500,1.006700,1,1.893600,19.109998,1.751828,1.956350,167.497324,0
2022-06-27,sh.603339,17.9009468000,18.0115440000,17.6797524000,17.9325460000,17.8535480000,2722286,30814492.8400,0.879700,1,0.442500,19.194556,1.759580,1.965007,168.238463,0
2022-06-28,sh.603339,17.9325460000,18.3275360000,17.7587504000,18.3117364000,17.9325460000,3937157,45217334.5600,1.272300,1,2.114500,19.600432,1.796787,2.006557,171.795928,0
2022-06-29,sh.603339,18.2327384000,18.4381332000,17.8377484000,17.9483456000,18.3117364000,4808690,54868470.7900,1.554000,1,-1.984500,19.211468,1.761130,1.966738,168.386691,0
2022-06-30,sh.603339,17.9641452000,18.3749348000,17.8693476000,18.0747424000,17.9483456000,3607948,41369488.4000,1.166000,1,0.704200,19.346760,1.773533,1.980588,169.572513,0
2022-07-01,sh.603339,18.0747424000,18.4065340000,18.0115440000,18.3591352000,18.0747424000,3029403,35005310.0300,0.979000,1,1.573400,19.651167,1.801438,2.011751,172.240612,0
2022-07-04,sh.603339,18.4855320000,18.5171312000,18.1221412000,18.3749348000,18.3591352000,2167783,25051542.0400,0.700500,1,0.086100,19.668078,1.802988,2.013483,172.388839,0
2022-07-05,sh.603339,18.3591352000,18.5171312000,17.9957444000,18.2327384000,18.3749348000,2898044,33432845.7200,0.936500,1,-0.773900,19.515875,1.789035,1.997901,171.054790,0
2022-07-06,sh.603339,18.2485380000,18.3591352000,17.9799448000,18.1695400000,18.2327384000,2068924,23772485.5600,0.668600,1,-0.346600,19.448229,1.782834,1.990976,170.461879,0
2022-07-07,sh.603339,18.2327384000,18.5171312000,18.0589428000,18.4223336000,18.1695400000,2570219,29852785.8600,0.830600,1,1.391300,19.718813,1.807639,2.018676,172.833522,0
2022-07-08,sh.603339,20.2708868000,20.2708868000,19.1333156000,19.3545100000,18.4223336000,19298472,240472309.8800,6.236600,1,5.060000,20.716591,1.899106,2.120822,181.578958,0
2022-07-11,sh.603339,19.1491152000,20.8712716000,19.1175160000,19.7968988000,19.3545100000,13930277,176841809.8600,4.501800,1,2.285700,21.190113,1.942514,2.169298,185.729334,0
2022-07-12,sh.603339,19.5441052000,20.5236804000,19.5441052000,20.0812916000,19.7968988000,8583762,109841099.1500,2.774000,1,1.436600,21.494520,1.970419,2.200461,188.397433,0
2022-07-13,sh.603339,19.8600972000,20.4288828000,19.7495000000,20.3498848000,20.0812916000,6483043,82830649.8400,2.095100,1,1.337500,21.782016,1.996774,2.229893,190.917304,0
2022-07-14,sh.603339,20.3498848000,20.3656844000,19.9706944000,20.2708868000,20.3498848000,5373951,68716756.8400,1.736700,1,-0.388200,21.697458,1.989023,2.221237,190.176166,0
2022-07-15,sh.603339,20.3498848000,21.0134680000,20.1444900000,20.6658768000,20.2708868000,8411160,110070658.4800,2.718200,1,1.948600,22.120246,2.027780,2.264519,193.881859,0
2022-07-18,sh.603339,20.7764740000,21.0134680000,20.5552796000,20.8396724000,20.6658768000,7448460,98048727.8000,2.407100,1,0.841000,22.306273,2.044833,2.283563,195.512364,0
2022-07-19,sh.603339,20.8080732000,20.8080732000,20.3814840000,20.5078808000,20.8396724000,7005267,91114819.4700,2.263800,1,-1.592100,21.951131,2.012277,2.247206,192.399582,0
2022-07-20,sh.603339,20.6184780000,20.9818688000,20.3972836000,20.9660692000,20.5078808000,6032559,79040312.0800,1.949500,1,2.234200,22.441565,2.057236,2.297413,196.698185,0
2022-07-21,sh.603339,21.1714640000,21.2346624000,20.3656844000,20.8554720000,20.9660692000,4590212,60988176.5200,1.483400,1,-0.527500,22.323184,2.046384,2.285294,195.660591,0
2022-07-22,sh.603339,20.8554720000,21.1398648000,20.6342776000,20.7922736000,20.8554720000,3790564,49996461.7200,1.225000,1,-0.303000,22.255538,2.040183,2.278369,195.067681,0
2022-07-25,sh.603339,20.7290752000,20.9502696000,20.2708868000,20.3656844000,20.7922736000,4154696,53867841.0800,1.342600,1,-2.051700,21.798927,1.998325,2.231624,191.065532,0
2022-07-26,sh.603339,20.3972836000,20.6974760000,19.8758968000,20.6184780000,20.3656844000,4718560,60662976.2800,1.524900,1,1.241300,22.069512,2.023129,2.259325,193.437176,0
2022-07-27,sh.603339,20.7132756000,21.2978608000,20.5078808000,21.1398648000,20.6184780000,4496848,59805766.2000,1.453200,1,2.528700,22.627591,2.074289,2.316457,198.328690,0
2022-07-28,sh.603339,21.1872636000,21.3452596000,20.7764740000,20.8712716000,21.1398648000,3411092,45204935.8800,1.102300,1,-1.270600,22.340096,2.047934,2.287025,195.808819,0
2022-07-29,sh.603339,21.0134680000,21.5980532000,20.8712716000,21.0608668000,20.8712716000,3947492,52926045.4400,1.275700,1,0.908400,22.543034,2.066537,2.307801,197.587552,0
2022-08-01,sh.603339,20.8870712000,21.3610592000,20.6500772000,21.3294600000,21.0608668000,4489788,59617958.8600,1.450900,1,1.275300,22.830529,2.092892,2.337233,200.107423,0
2022-08-02,sh.603339,21.0134680000,21.4874560000,20.3656844000,20.8396724000,21.3294600000,7108616,93612614.5400,2.297200,1,-2.296300,22.306273,2.044833,2.283563,195.512364,0
2022-08-03,sh.603339,20.8554720000,21.5664540000,20.7448748000,21.0134680000,20.8396724000,4969086,66761326.4400,1.605800,1,0.834000,22.492299,2.061887,2.302607,197.142869,0
2022-08-04,sh.603339,21.1714640000,21.4874560000,20.8080732000,21.4400572000,21.0134680000,4390200,58809285.0000,1.418800,1,2.030100,22.948910,2.103744,2.349352,201.145017,0
2022-08-05,sh.603339,21.5822536000,21.5822536000,20.8080732000,21.0608668000,21.4400572000,4713100,62903108.0000,1.523100,1,-1.768600,22.543034,2.066537,2.307801,197.587552,0
2022-08-08,sh.603339,21.0608668000,21.3452596000,20.8396724000,21.2978608000,21.0608668000,4170990,55787649.0000,1.347900,1,1.125300,22.796706,2.089792,2.333770,199.810968,0
2022-08-09,sh.603339,21.3452596000,22.0404420000,21.1082656000,22.0088428000,21.2978608000,6248382,85922410.0000,2.019200,1,3.338300,23.557724,2.159555,2.411678,206.481215,0
2022-08-10,sh.603339,22.1194400000,23.0200172000,21.8824460000,22.5934280000,22.0088428000,8372768,119646009.0000,2.705800,1,2.656100,24.183449,2.216916,2.475735,211.965641,0
2022-08-11,sh.603339,22.5934280000,22.9094200000,21.7876484000,21.9298448000,22.5934280000,6779268,95246125.0000,2.190800,1,-2.937100,23.473166,2.151803,2.403021,205.740076,0
2022-08-12,sh.603339,22.0404420000,22.6724260000,21.9614440000,21.9930432000,21.9298448000,5018192,70687630.0000,1.621700,1,0.288200,23.540812,2.158005,2.409946,206.332987,0
2022-08-15,sh.603339,21.9930432000,22.2300372000,21.6770512000,21.9614440000,21.9930432000,3754009,52039055.4300,1.213200,1,-0.143700,23.506989,2.154904,2.406484,206.036532,0
2022-08-16,sh.603339,21.9614440000,22.4986304000,21.8350472000,22.2458368000,21.9614440000,3550044,50046541.7200,1.147200,1,1.295000,23.811396,2.182809,2.437647,208.704631,0
2022-08-17,sh.603339,22.3406344000,22.4354320000,22.0562416000,22.3406344000,22.2458368000,3344512,47122496.9200,1.080800,1,0.426100,23.912865,2.192111,2.448035,209.593997,0
2022-08-18,sh.603339,22.2932356000,22.7040252000,22.0720412000,22.6408268000,22.3406344000,5722130,81601307.5900,1.849200,1,1.343700,24.234184,2.221567,2.480929,212.410324,0
2022-08-19,sh.603339,22.4512316000,22.5302296000,21.7244500000,21.7244500000,22.6408268000,8043640,112242780.5400,2.599400,1,-4.047500,18.309752,2.096262,2.288572,94.007689,0
2022-08-22,sh.603339,21.7244500000,22.3248348000,21.7244500000,21.9614440000,21.7244500000,6749152,94019485.8500,2.181100,1,1.090900,18.509495,2.119130,2.313538,95.033228,0
2022-08-23,sh.603339,21.8192476000,22.3564340000,21.7402496000,22.0878408000,21.9614440000,3747632,52264124.6000,1.211100,1,0.575500,18.616024,2.131327,2.326853,95.580182,0
2022-08-24,sh.603339,22.1668388000,22.1826384000,20.9976684000,21.0450672000,22.0878408000,5824057,78887974.3200,1.882100,1,-4.721000,17.737156,2.030706,2.217002,91.067812,0
2022-08-25,sh.603339,21.1714640000,21.2978608000,20.5078808000,21.0924660000,21.0450672000,4493228,59402437.5200,1.452000,1,0.225200,17.777105,2.035280,2.221995,91.272920,0
2022-08-26,sh.603339,21.0766664000,21.2346624000,20.7290752000,20.8080732000,21.0924660000,3498056,46474180.6000,1.130400,1,-1.348300,17.537413,2.007838,2.192036,90.042274,0
2022-08-29,sh.603339,20.5394800000,21.6770512000,20.2708868000,21.6138528000,20.8080732000,4991856,67461841.4700,1.613200,1,3.872400,18.216539,2.085590,2.276921,93.529105,0
2022-08-30,sh.603339,21.7244500000,21.7560492000,20.6974760000,20.9502696000,21.6138528000,4251430,56576520.4300,1.373900,1,-3.070200,17.657259,2.021559,2.207015,90.657597,0
2022-08-31,sh.603339,20.6816764000,21.0608668000,20.3024860000,20.4130832000,20.9502696000,4192600,54495021.5200,1.354900,1,-2.564100,17.204509,1.969724,2.150425,88.333043,0
2022-09-01,sh.603339,20.2076884000,20.6184780000,19.8126984000,19.9864940000,20.4130832000,3715944,47243998.9200,1.200900,1,-2.089800,16.844972,1.928561,2.105486,86.487074,0
2022-09-02,sh.603339,20.1602896000,20.4920812000,19.9864940000,20.0970912000,19.9864940000,2705164,34623650.6800,0.874200,1,0.553400,16.938185,1.939233,2.117137,86.965659,0
2022-09-05,sh.603339,20.0970912000,20.4288828000,19.9074960000,20.0022936000,20.0970912000,2613272,33334948.4000,0.844500,1,-0.471700,16.858288,1.930086,2.107150,86.555443,0
2022-09-06,sh.603339,20.1918888000,20.3498848000,19.7179008000,20.2550872000,20.0022936000,3966436,50317033.4000,1.281800,1,1.263800,17.071347,1.954478,2.133781,87.649351,0
2022-09-07,sh.603339,20.2708868000,20.5394800000,20.0812916000,20.1602896000,20.2550872000,3041904,39052771.6800,0.983000,1,-0.468000,16.991450,1.945331,2.123795,87.239136,0
2022-09-08,sh.603339,20.0654920000,20.3340852000,19.7495000000,20.0180932000,20.1602896000,3360060,42581906.6000,1.085800,1,-0.705300,16.871604,1.931610,2.108815,86.623813,0
2022-09-09,sh.603339,19.8126984000,20.0496924000,19.4335080000,19.4335080000,20.0180932000,2623363,32530669.9800,0.847800,1,-2.920300,16.378905,1.875202,2.047232,84.094151,0
2022-09-13,sh.603339,19.6389028000,19.9232956000,19.4493076000,19.9074960000,19.4335080000,2636455,32902589.5000,0.852000,1,2.439000,16.778391,1.920938,2.097164,86.145228,0
2022-09-14,sh.603339,19.5915040000,19.8284980000,19.1333156000,19.2281132000,19.9074960000,2997304,36653778.6400,0.968600,1,-3.412700,16.205795,1.855382,2.025594,83.205351,0
2022-09-15,sh.603339,19.4177084000,19.4493076000,18.5645300000,18.7699248000,19.2281132000,3952697,47242686.1400,1.277400,1,-2.382900,15.819626,1.811170,1.977326,81.222644,0
2022-09-16,sh.603339,18.8015240000,18.8805220000,18.3907344000,18.4697324000,18.7699248000,2837952,33444077.9600,0.917100,1,-1.599300,15.566618,1.782204,1.945702,79.923628,0
2022-09-19,sh.603339,18.7699248000,18.7699248000,17.9799448000,18.2485380000,18.4697324000,2797572,32224560.0800,0.904100,1,-1.197600,15.380192,1.760860,1.922400,78.966459,0
2022-09-20,sh.603339,18.3907344000,18.7225260000,18.3117364000,18.4855320000,18.2485380000,2213401,25924501.7800,0.715300,1,1.298700,15.579934,1.783728,1.947367,79.991997,0
2022-09-21,sh.603339,18.5329308000,19.3703096000,18.5329308000,19.2123136000,18.4855320000,4725152,57026788.5000,1.527000,1,3.931600,16.192479,1.853858,2.023930,83.136982,0
2022-09-22,sh.603339,18.8805220000,19.7337004000,18.8489228000,19.4019088000,19.2123136000,4629392,56830124.6800,1.496000,1,0.986800,16.352273,1.872153,2.043903,83.957413,0
2022-09-23,sh.603339,19.3545100000,19.4809068000,18.7225260000,19.0069188000,19.4019088000,3563612,43046164.4800,1.151600,1,-2.035800,16.019368,1.834039,2.002292,82.248182,0
2022-09-26,sh.603339,18.9595200000,19.3703096000,18.8331232000,18.9911192000,19.0069188000,2919846,35244998.1400,0.943600,1,-0.083100,16.006052,1.832514,2.000628,82.179813,0
2022-09-27,sh.603339,18.9753196000,19.6389028000,18.9753196000,19.6389028000,18.9911192000,3654490,44838848.0200,1.181000,1,3.411000,16.552016,1.895021,2.068869,84.982951,0
2022-09-28,sh.603339,19.5757044000,19.7337004000,19.1491152000,19.2755120000,19.6389028000,4261771,52364515.1900,1.377200,1,-1.850400,16.245743,1.859956,2.030587,83.410459,0
2022-09-29,sh.603339,19.4177084000,19.7495000000,19.2123136000,19.5283056000,19.2755120000,3846480,47456118.2000,1.243000,1,1.311500,16.458802,1.884349,2.057218,84.504366,0
2022-09-30,sh.603339,19.5125060000,19.5599048000,19.1017164000,19.2913116000,19.5283056000,3279527,39965648.7500,1.059800,1,-1.213600,16.259060,1.861481,2.032252,83.478828,0
2022-10-10,sh.603339,19.4335080000,19.8600972000,18.9279208000,19.7968988000,19.2913116000,9176956,113084564.9600,2.965700,1,2.620800,16.685178,1.910266,2.085513,85.666643,0
2022-10-11,sh.603339,19.7495000000,20.3340852000,19.2123136000,20.3340852000,19.7968988000,12941681,161623864.6400,4.182300,1,2.713500,17.137928,1.962101,2.142103,87.991197,0
2022-10-12,sh.603339,19.6073036000,19.6863016000,18.2959368000,18.7857244000,20.3340852000,21234430,252296108.6100,6.862200,1,-7.614600,13.325927,1.742344,1.839333,2298.419424,0
2022-10-13,sh.603339,18.5803296000,19.3703096000,18.3433356000,18.7067264000,18.7857244000,13606946,162387996.1000,4.397300,1,-0.420500,13.269888,1.735017,1.831598,2288.754077,0
2022-10-14,sh.603339,18.7383256000,19.2281132000,18.6593276000,19.0859168000,18.7067264000,10845204,130128682.1200,3.504800,1,2.027000,13.538873,1.770186,1.868725,2335.147741,0
2022-10-17,sh.603339,18.8647224000,19.2755120000,18.7699248000,18.9911192000,19.0859168000,6463184,77571443.5200,2.088700,1,-0.496700,13.471627,1.761394,1.859443,2323.549325,0
2022-10-18,sh.603339,19.1965140000,20.5078808000,19.0543176000,20.2234880000,18.9911192000,14649030,185019444.4400,4.734000,1,6.489200,14.345825,1.875694,1.980106,2474.328732,0
2022-10-19,sh.603339,20.0970912000,20.9818688000,19.9074960000,20.8080732000,20.2234880000,13145118,171800459.2600,4.248000,1,2.890600,14.760509,1.929913,2.037343,2545.852297,0
2022-10-20,sh.603339,20.5868788000,20.6816764000,19.9390952000,20.1918888000,20.8080732000,8271865,106066179.7400,2.673200,1,-2.961300,14.323410,1.872763,1.977012,2470.462593,0
2022-10-21,sh.603339,20.0970912000,21.0134680000,20.0654920000,20.7290752000,20.1918888000,8880674,115743063.5200,2.869900,1,2.660400,14.704471,1.922586,2.029608,2536.186950,0
2022-10-24,sh.603339,20.8870712000,21.2978608000,20.5078808000,20.5868788000,20.7290752000,8890192,117582721.7600,2.873000,1,-0.686000,14.603602,1.909398,2.015686,2518.789326,0
2022-10-25,sh.603339,20.7606744000,21.2504620000,20.1286904000,21.2188628000,20.5868788000,9201180,121709921.3200,2.973500,1,3.069800,15.051909,1.968013,2.077564,2596.112099,0
2022-10-26,sh.603339,21.4558568000,21.4558568000,20.8870712000,21.1556644000,21.2188628000,8272446,110447671.5500,2.673400,1,-0.297800,15.007078,1.962152,2.071376,2588.379822,0
2022-10-27,sh.603339,21.2662616000,21.4242576000,20.7606744000,20.9344700000,21.1556644000,7676718,102114539.9200,2.480800,1,-1.045600,14.850171,1.941636,2.049719,2561.316851,0
2022-10-28,sh.603339,20.9186704000,21.4084580000,20.6974760000,20.8870712000,20.9344700000,10476861,140323778.8700,3.385700,1,-0.226400,14.816548,1.937240,2.045078,2555.517643,0
2022-10-31,sh.603339,20.6500772000,21.8982456000,20.5236804000,21.7560492000,20.8870712000,10391009,141276317.3800,3.358000,1,4.160400,15.432970,2.017836,2.130161,2661.836456,0
2022-11-01,sh.603339,21.8034480000,21.8350472000,21.1556644000,21.7086504000,21.7560492000,8557764,116514203.0200,2.765600,1,-0.217900,15.399347,2.013440,2.125520,2656.037248,0
2022-11-02,sh.603339,21.7086504000,22.1194400000,21.5664540000,21.8034480000,21.7086504000,6748536,93373999.6800,2.180900,1,0.436700,15.466593,2.022233,2.134802,2667.635664,0
2022-11-03,sh.603339,21.8192476000,22.5302296000,21.6612516000,22.3722336000,21.8034480000,7623832,107520889.3200,2.463700,1,2.608700,15.870069,2.074987,2.190492,2737.226160,0
2022-11-04,sh.603339,22.2616364000,22.6882256000,22.1826384000,22.5460292000,22.3722336000,6162077,87759508.5500,1.991400,1,0.776800,15.993354,2.091106,2.207509,2758.489922,0
2022-11-07,sh.603339,22.4986304000,22.5934280000,21.9614440000,22.3880332000,22.5460292000,6387952,89878697.8400,2.064400,1,-0.700800,15.881277,2.076452,2.192039,2739.159229,0
2022-11-08,sh.603339,22.2142376000,22.3564340000,21.8666464000,22.1194400000,22.3880332000,4133832,57727377.1200,1.335900,1,-1.199700,15.690746,2.051540,2.165741,2706.297051,0
2022-11-09,sh.603339,22.2142376000,22.3406344000,21.9298448000,22.0404420000,22.1194400000,3161744,44297003.4800,1.021800,1,-0.357100,15.634708,2.044213,2.158006,2696.631704,0
2022-11-10,sh.603339,22.0246424000,22.7514240000,21.6770512000,21.7244500000,22.0404420000,6496315,90638751.1300,2.099400,1,-1.433700,15.410554,2.014906,2.127067,2657.970318,0
2022-11-11,sh.603339,22.0562416000,22.1984380000,21.3926584000,21.5822536000,21.7244500000,6937804,95129491.4400,2.242000,1,-0.654500,15.309685,2.001717,2.113144,2640.572694,0
2022-11-14,sh.603339,21.4874560000,21.8034480000,21.0292676000,21.1872636000,21.5822536000,4759332,64346282.4800,1.538000,1,-1.830200,15.029493,1.965083,2.074470,2592.245961,0
2022-11-15,sh.603339,21.0924660000,21.6454520000,21.0924660000,21.5980532000,21.1872636000,4769552,64466852.0200,1.541300,1,1.938900,15.320893,2.003183,2.114691,2642.505763,0
2022-11-16,sh.603339,21.6138528000,21.7560492000,21.2820612000,21.3452596000,21.5980532000,3144476,42840944.6000,1.016200,1,-1.170400,15.141570,1.979736,2.089940,2611.576654,0
2022-11-17,sh.603339,21.2504620000,21.8666464000,21.1714640000,21.7876484000,21.3452596000,4440700,60656535.3400,1.435100,1,2.072500,15.455385,2.020767,2.133255,2665.702595,0
2022-11-18,sh.603339,21.7718488000,22.2616364000,21.5506544000,21.8824460000,21.7876484000,4883436,67628064.6800,1.578100,1,0.435100,15.522631,2.029560,2.142536,2677.301011,0
2022-11-21,sh.603339,21.8824460000,22.0088428000,21.2978608000,21.8824460000,21.8824460000,4179768,57211980.8800,1.350700,1,0.000000,15.522631,2.029560,2.142536,2677.301011,0
2022-11-22,sh.603339,21.8982456000,22.3248348000,21.7718488000,21.8666464000,21.8824460000,3966645,55402228.9800,1.281900,1,-0.072200,15.511424,2.028094,2.140989,2675.367941,0
2022-11-23,sh.603339,21.8034480000,21.8508468000,20.9028708000,21.2346624000,21.8666464000,4627652,62302111.4700,1.495500,1,-2.890200,15.063116,1.969479,2.079111,2598.045169,0
2022-11-24,sh.603339,21.3610592000,21.8034480000,21.0924660000,21.2188628000,21.2346624000,4550808,61613485.5200,1.470700,1,-0.074400,15.051909,1.968013,2.077564,2596.112099,0
2022-11-25,sh.603339,21.2188628000,21.2346624000,20.6658768000,20.6658768000,21.2188628000,4006248,52830513.3200,1.294700,1,-2.606100,14.659640,1.916725,2.023421,2528.454673,0
2022-11-28,sh.603339,20.5552796000,20.8238728000,20.0812916000,20.5236804000,20.6658768000,3903080,50641365.2000,1.261300,1,-0.688100,14.558771,1.903536,2.009498,2511.057049,0
2022-11-29,sh.603339,20.6342776000,20.6974760000,20.4130832000,20.5236804000,20.5236804000,3846021,49994363.7300,1.242900,1,0.000000,14.558771,1.903536,2.009498,2511.057049,0
2022-11-30,sh.603339,20.5394800000,20.6816764000,20.2392876000,20.4288828000,20.5236804000,4687248,60598057.8000,1.514700,1,-0.461900,14.491525,1.894744,2.000216,2499.458633,0
2022-12-01,sh.603339,20.5394800000,20.9186704000,20.3972836000,20.7290752000,20.4288828000,3639783,47707787.1900,1.176200,1,1.469500,14.704471,1.922586,2.029608,2536.186950,0
2022-12-02,sh.603339,20.6974760000,21.0924660000,20.6500772000,21.0292676000,20.7290752000,3831532,50792878.2700,1.238200,1,1.448200,14.917417,1.950429,2.059001,2572.915267,0
2022-12-05,sh.603339,20.9502696000,21.1714640000,20.6342776000,20.7448748000,21.0292676000,3779444,49705163.3600,1.221400,1,-1.352400,14.715679,1.924052,2.031155,2538.120020,0
2022-12-06,sh.603339,20.6974760000,20.7290752000,20.3814840000,20.6816764000,20.7448748000,3506322,45616504.1600,1.133100,1,-0.304600,14.670848,1.918190,2.024968,2530.387742,0
2022-12-07,sh.603339,20.6658768000,20.9818688000,20.3024860000,20.9344700000,20.6816764000,4241737,55489519.2500,1.370800,1,1.222300,14.850171,1.941636,2.049719,2561.316851,0
2022-12-08,sh.603339,20.9028708000,20.9344700000,20.4130832000,20.4130832000,20.9344700000,3061484,39991878.7600,0.989400,1,-2.490600,14.480317,1.893279,1.998669,2497.525564,0
2022-12-09,sh.603339,20.3972836000,20.5710792000,19.8916964000,19.9548948000,20.4130832000,4250022,54278080.6200,1.373500,1,-2.244600,14.155295,1.850782,1.953808,2441.466554,0
2022-12-12,sh.603339,19.8758968000,20.1128908000,19.8600972000,19.9706944000,19.9548948000,2276659,28820381.7100,0.735700,1,0.079200,14.166502,1.852248,1.955354,2443.399623,0
2022-12-13,sh.603339,20.0022936000,20.0970912000,19.6863016000,19.8126984000,19.9706944000,2126140,26722516.2000,0.687100,1,-0.791100,14.054426,1.837594,1.939885,2424.068930,0
2022-12-14,sh.603339,19.7810992000,20.1760892000,19.7810992000,19.8600972000,19.8126984000,1799500,22714023.5200,0.581500,1,0.239200,14.088049,1.841990,1.944526,2429.868138,0
2022-12-15,sh.603339,19.8600972000,20.6974760000,19.8126984000,20.4288828000,19.8600972000,3488336,44893416.6800,1.127300,1,2.864000,14.491525,1.894744,2.000216,2499.458633,0
2022-12-16,sh.603339,20.3182856000,20.4288828000,19.6389028000,19.6705020000,20.4288828000,3015330,38057198.6000,0.974400,1,-3.712300,13.953557,1.824406,1.925962,2406.671306,0
2022-12-19,sh.603339,19.6705020000,19.8442976000,19.4335080000,19.4967064000,19.6705020000,2735600,33957320.0000,0.884000,1,-0.883500,13.830272,1.808286,1.908946,2385.407543,0
2022-12-20,sh.603339,19.5757044000,19.7495000000,19.3703096000,19.5915040000,19.4967064000,2276705,28207148.6200,0.735700,1,0.486200,13.897518,1.817079,1.918227,2397.005959,0
2022-12-21,sh.603339,19.5915040000,19.6705020000,19.3071112000,19.4019088000,19.5915040000,1787800,21980170.8000,0.577800,1,-0.967700,13.763026,1.799494,1.899664,2373.809127,0
2022-12-22,sh.603339,19.4809068000,19.5441052000,18.9595200000,19.0543176000,19.4019088000,2022462,24556618.2600,0.653600,1,-1.791500,13.516457,1.767255,1.865631,2331.281602,0
2022-12-23,sh.603339,18.9753196000,19.0859168000,18.6119288000,18.7699248000,19.0543176000,2913750,34660405.8500,0.941600,1,-1.492500,13.314719,1.740879,1.837786,2296.486354,0
2022-12-26,sh.603339,18.7541252000,19.1649148000,18.7225260000,19.1649148000,18.7699248000,2265789,27261234.4100,0.732200,1,2.104400,13.594911,1.777513,1.876460,2344.813087,0
2022-12-27,sh.603339,19.1649148000,19.3229108000,18.8963216000,19.1649148000,19.1649148000,1533520,18501522.4400,0.495600,1,0.000000,13.594911,1.777513,1.876460,2344.813087,0
2022-12-28,sh.603339,19.1333156000,19.1807144000,18.9437204000,19.0069188000,19.1649148000,1849072,22278368.0000,0.597600,1,-0.824400,13.482834,1.762859,1.860990,2325.482394,0
2022-12-29,sh.603339,19.0069188000,19.1807144000,18.9121212000,19.0859168000,19.0069188000,1736608,20918084.0800,0.561200,1,0.415600,13.538873,1.770186,1.868725,2335.147741,0
2022-12-30,sh.603339,19.1017164000,19.4809068000,19.0385180000,19.2913116000,19.0859168000,2427652,29645420.4800,0.784500,1,1.076200,13.684572,1.789236,1.888835,2360.277642,0
2023-01-03,sh.603339,19.2913116000,19.9548948000,19.1649148000,19.8600972000,19.2913116000,3549144,44342914.2400,1.147000,1,2.948400,14.088049,1.841990,1.944526,2429.868138,0
2023-01-04,sh.603339,19.8442976000,20.0022936000,19.7179008000,19.9074960000,19.8600972000,2173188,27312672.9200,0.702300,1,0.238700,14.121672,1.846386,1.949167,2435.667346,0
2023-01-05,sh.603339,19.9548948000,19.9706944000,19.7810992000,19.9074960000,19.9074960000,1507432,18967775.9200,0.487100,1,0.000000,14.121672,1.846386,1.949167,2435.667346,0
2023-01-06,sh.603339,19.9390952000,20.1602896000,19.9074960000,20.0970912000,19.9074960000,1953970,24804071.8200,0.631500,1,0.952400,14.256164,1.863971,1.967730,2458.864177,0
2023-01-09,sh.603339,20.1128908000,20.2708868000,20.0338928000,20.1128908000,20.0970912000,1778220,22669903.8400,0.574700,1,0.078600,14.267372,1.865436,1.969277,2460.797247,0
2023-01-10,sh.603339,20.1918888000,20.2076884000,19.9074960000,19.9548948000,20.1128908000,2421164,30586420.8000,0.782400,1,-0.785500,14.155295,1.850782,1.953808,2441.466554,0
2023-01-11,sh.603339,19.9864940000,20.2234880000,19.8916964000,19.8916964000,19.9548948000,2212420,28010309.0800,0.715000,1,-0.316700,14.110464,1.844921,1.947620,2433.734276,0
2023-01-12,sh.603339,19.8442976000,20.5078808000,19.8284980000,20.3340852000,19.8916964000,3649892,46829722.9200,1.179500,1,2.224000,14.424279,1.885952,1.990935,2487.860217,0
2023-01-13,sh.603339,20.4920812000,20.4920812000,20.0496924000,20.2076884000,20.3340852000,2222416,28430987.4400,0.718200,1,-0.621600,14.334618,1.874229,1.978559,2472.395663,0
2023-01-16,sh.603339,20.1602896000,20.5710792000,20.0338928000,20.5236804000,20.2076884000,3374724,43632108.8800,1.090600,1,1.563700,14.558771,1.903536,2.009498,2511.057049,0
2023-01-17,sh.603339,20.5394800000,21.0924660000,20.4446824000,20.9186704000,20.5236804000,5558256,73458542.9800,1.796200,1,1.924600,14.838963,1.940171,2.048172,2559.383782,0
2023-01-18,sh.603339,20.8080732000,21.3926584000,20.7448748000,21.2504620000,20.9186704000,4043252,54208219.7600,1.306600,1,1.586100,15.074324,1.970944,2.080658,2599.978238,0
2023-01-19,sh.603339,21.2030632000,21.5032556000,21.0924660000,21.4400572000,21.2504620000,3005940,40644026.9500,0.971400,1,0.892200,15.208816,1.988529,2.099222,2623.175070,0
2023-01-20,sh.603339,21.4874560000,21.5190552000,21.2030632000,21.3294600000,21.4400572000,2779216,37477646.6900,0.898100,1,-0.515800,15.130363,1.978271,2.088393,2609.643585,0
2023-01-30,sh.603339,21.4716564000,21.6138528000,21.1872636000,21.3294600000,21.3294600000,3352915,45315801.9400,1.083500,1,0.000000,15.130363,1.978271,2.088393,2609.643585,0
2023-01-31,sh.603339,21.3294600000,21.5506544000,21.2188628000,21.5190552000,21.3294600000,2516680,34170688.7200,0.813300,1,0.888900,15.264855,1.995856,2.106956,2632.840416,0
2023-02-01,sh.603339,21.5348548000,21.7876484000,21.4242576000,21.6612516000,21.5190552000,2891012,39554990.2400,0.934300,1,0.660800,15.365724,2.009044,2.120879,2650.238040,0
2023-02-02,sh.603339,21.7876484000,21.9614440000,21.4400572000,21.4400572000,21.6612516000,3151851,43167467.4400,1.018600,1,-1.021200,15.208816,1.988529,2.099222,2623.175070,0
2023-02-03,sh.603339,21.4716564000,21.6928508000,21.2662616000,21.5822536000,21.4400572000,2678616,36417765.8400,0.865600,1,0.663200,15.309685,2.001717,2.113144,2640.572694,0
2023-02-06,sh.603339,21.5032556000,22.0404420000,21.4084580000,21.6296524000,21.5822536000,3260145,44754196.0400,1.053600,1,0.219600,15.343308,2.006113,2.117785,2646.371902,0
2023-02-07,sh.603339,21.7086504000,22.1510392000,21.5980532000,22.1036404000,21.6296524000,4033460,56071024.2000,1.303500,1,2.191400,15.679539,2.050075,2.164194,2704.363981,0
2023-02-08,sh.603339,22.1036404000,22.1194400000,21.6138528000,21.7560492000,22.1036404000,2925140,40339959.9200,0.945300,1,-1.572600,15.432970,2.017836,2.130161,2661.836456,0
2023-02-09,sh.603339,21.6454520000,22.0562416000,21.6454520000,22.0088428000,21.7560492000,2519516,34970123.3200,0.814200,1,1.161900,15.612293,2.041283,2.154912,2692.765565,0
2023-02-10,sh.603339,22.0246424000,22.1984380000,21.8034480000,21.9772436000,22.0088428000,2278868,31721203.6400,0.736400,1,-0.143600,15.589877,2.038352,2.151818,2688.899427,0
2023-02-13,sh.603339,22.1036404000,22.4828308000,21.9140452000,22.2774360000,21.9772436000,3899668,54922706.5200,1.260200,1,1.365900,15.802823,2.066194,2.181210,2725.627744,0
2023-02-14,sh.603339,22.3090352000,22.6724260000,21.9614440000,22.4038328000,22.2774360000,4455345,62896105.1700,1.439800,1,0.567400,15.892485,2.077917,2.193586,2741.092298,0
2023-02-15,sh.603339,22.3880332000,23.3992076000,22.2774360000,23.3518088000,22.4038328000,10285053,150375596.5500,3.323800,1,4.231300,16.564945,2.165840,2.286403,2857.076458,0
2023-02-16,sh.603339,23.1622136000,24.2997848000,23.1464140000,23.6362016000,23.3518088000,11820093,178103792.7000,3.819800,1,1.217900,16.766683,2.192217,2.314249,2891.871706,0
2023-02-17,sh.603339,23.6362016000,24.1101896000,23.0674160000,23.2254120000,23.6362016000,7137168,106142124.8400,2.306500,1,-1.738000,16.475284,2.154117,2.274028,2841.611903,0
2023-02-20,sh.603339,23.3676084000,23.8415964000,23.1622136000,23.6678008000,23.2254120000,5393338,80312693.1800,1.742900,1,1.904800,16.789099,2.195148,2.317343,2895.737844,0
2023-02-21,sh.603339,23.7151996000,24.1575884000,23.5730032000,23.9363940000,23.6678008000,4810977,72713146.8200,1.554700,1,1.134800,16.979629,2.220060,2.343641,2928.600023,0
2023-02-22,sh.603339,23.8099972000,23.9047948000,23.3992076000,23.5730032000,23.9363940000,3718384,55593105.6000,1.201600,1,-1.518200,16.721853,2.186356,2.308061,2884.139428,0
2023-02-23,sh.603339,23.4624060000,23.7941976000,23.2886104000,23.4940052000,23.5730032000,3111908,46297702.4000,1.005700,1,-0.335100,16.665814,2.179029,2.300326,2874.474082,0
2023-02-24,sh.603339,23.5256044000,23.9363940000,23.3834080000,23.6046024000,23.4940052000,3362712,50305421.8000,1.086700,1,0.470700,16.744268,2.189287,2.311155,2888.005567,0
2023-02-27,sh.603339,23.5098048000,24.2997848000,23.3202096000,23.8573960000,23.6046024000,5659032,85573085.8400,1.828800,1,1.071000,16.923591,2.212733,2.335906,2918.934676,0
2023-02-28,sh.603339,23.8257968000,23.8573960000,23.3044100000,23.6362016000,23.8573960000,3761056,56025446.5200,1.215400,1,-0.927200,16.766683,2.192217,2.314249,2891.871706,0
2023-03-01,sh.603339,23.6362016000,23.7151996000,23.3834080000,23.5098048000,23.6362016000,3243440,48264969.4800,1.048200,1,-0.534800,16.677022,2.180494,2.301873,2876.407151,0
2023-03-02,sh.603339,23.6204020000,23.9837928000,23.3518088000,23.5730032000,23.5098048000,4106656,61400637.8800,1.327100,1,0.268800,16.721853,2.186356,2.308061,2884.139428,0
2023-03-03,sh.603339,23.5730032000,23.9363940000,23.4624060000,23.6520012000,23.5730032000,3591944,53808143.0000,1.160800,1,0.335100,16.777891,2.193683,2.315796,2893.804775,0
2023-03-06,sh.603339,23.5730032000,23.8889952000,23.3202096000,23.8889952000,23.6520012000,4283484,63977104.3200,1.384300,1,1.002000,16.946006,2.215664,2.339000,2922.800815,0
2023-03-07,sh.603339,23.8099972000,23.9205944000,22.9410192000,22.9568188000,23.8889952000,6120656,90179431.0800,1.978000,1,-3.902100,16.284753,2.129206,2.247729,2808.749725,0
2023-03-08,sh.603339,22.9568188000,23.2254120000,22.9094200000,23.1464140000,22.9568188000,3229236,47139995.1800,1.043600,1,0.825900,16.419245,2.146790,2.266293,2831.946557,0
2023-03-09,sh.603339,23.2412116000,23.3992076000,23.0674160000,23.3360092000,23.1464140000,1966936,28977194.7200,0.635600,1,0.819100,16.553737,2.164375,2.284856,2855.143388,0
2023-03-10,sh.603339,23.3202096000,23.3360092000,22.4354320000,22.5302296000,23.3360092000,4524894,65213331.9400,1.462300,1,-3.452900,15.982146,2.089640,2.205962,2756.556853,0
2023-03-13,sh.603339,22.4038328000,22.7988228000,22.3090352000,22.6250272000,22.5302296000,3233213,46160083.9400,1.044900,1,0.420800,16.049392,2.098433,2.215243,2768.155269,0
2023-03-14,sh.603339,22.5144300000,22.6408268000,21.9614440000,22.2774360000,22.6250272000,3502112,49340926.2400,1.131800,1,-1.536300,15.802823,2.066194,2.181210,2725.627744,0
2023-03-15,sh.603339,22.3564340000,22.9094200000,22.3090352000,22.6092276000,22.2774360000,2562004,36744066.6000,0.827900,1,1.489400,16.038184,2.096967,2.213696,2766.222200,0
2023-03-16,sh.603339,22.4354320000,22.6724260000,22.0562416000,22.0878408000,22.6092276000,2180640,30734827.4000,0.704700,1,-2.306100,15.668331,2.048610,2.162647,2702.430912,0
2023-03-17,sh.603339,22.2142376000,22.4670312000,22.1194400000,22.1194400000,22.0878408000,2107928,29744270.0000,0.681200,1,0.143100,15.690746,2.051540,2.165741,2706.297051,0
2023-03-20,sh.603339,22.3406344000,22.5144300000,21.7876484000,22.1194400000,22.1194400000,3979757,55792066.0600,1.286100,1,0.000000,15.690746,2.051540,2.165741,2706.297051,0
2023-03-21,sh.603339,22.2458368000,22.9094200000,22.2142376000,22.7514240000,22.1194400000,2972356,42553792.9200,0.960600,1,2.857100,16.139053,2.110156,2.227619,2783.619823,0
2023-03-22,sh.603339,22.5934280000,22.8462216000,22.4986304000,22.7356244000,22.7514240000,2096312,30068182.3200,0.677500,1,-0.069400,16.127846,2.108690,2.226072,2781.686754,0
2023-03-23,sh.603339,22.7040252000,22.9726184000,22.2932356000,22.8304220000,22.7356244000,4055824,58053332.2000,1.310700,1,0.417000,16.195092,2.117483,2.235354,2793.285170,0
2023-03-24,sh.603339,22.8620212000,23.7941976000,22.6566264000,23.5572036000,22.8304220000,5118542,76023873.1000,1.654100,1,3.183400,16.710645,2.184890,2.306514,2882.206359,0
2023-03-27,sh.603339,23.4782056000,23.9205944000,23.2254120000,23.8099972000,23.5572036000,4286656,63950945.0400,1.385300,1,1.073100,16.889968,2.208337,2.331265,2913.135468,0
2023-03-28,sh.603339,23.7625984000,23.8731956000,23.3518088000,23.6204020000,23.8099972000,2448228,36508191.9200,0.791200,1,-0.796300,16.755476,2.190752,2.312702,2889.938636,0
2023-03-29,sh.603339,23.5098048000,23.6994000000,23.3044100000,23.4308068000,23.6204020000,2722248,40383787.6800,0.879700,1,-0.802700,16.620983,2.173167,2.294138,2866.741804,0
2023-03-30,sh.603339,23.3834080000,23.5888028000,23.2254120000,23.2728108000,23.4308068000,2596488,38401401.7600,0.839100,1,-0.674300,16.508907,2.158514,2.278669,2847.411111,0
2023-03-31,sh.603339,23.3360092000,23.5572036000,23.2412116000,23.5572036000,23.2728108000,2243016,33229751.0400,0.724900,1,1.222000,16.710645,2.184890,2.306514,2882.206359,0
2023-04-03,sh.603339,23.5572036000,23.9995924000,23.4782056000,23.5256044000,23.5572036000,4087676,61384025.4800,1.321000,1,-0.134100,16.688230,2.181960,2.303420,2878.340220,0
2023-04-04,sh.603339,23.7941976000,25.6901496000,23.7941976000,24.9159692000,23.5256044000,14683704,232637394.7600,4.745200,1,5.910000,17.674505,2.310914,2.439552,3048.450321,0
2023-04-06,sh.603339,24.9791676000,25.1055644000,24.1733880000,24.3629832000,24.9159692000,8939136,138334032.8800,2.888800,1,-2.219400,17.282236,2.259625,2.385409,2980.792894,0
2023-04-07,sh.603339,24.2523860000,24.7105744000,23.8889952000,23.9837928000,24.3629832000,5994545,91655584.3300,1.937200,1,-1.556400,17.013252,2.224456,2.348282,2934.399231,0
2023-04-10,sh.603339,24.0153920000,24.1733880000,22.8936204000,22.8936204000,23.9837928000,7643948,113313172.4000,2.470200,1,-4.545500,16.239922,2.123344,2.241542,2801.017447,0
2023-04-11,sh.603339,22.8936204000,23.0990152000,22.6566264000,22.9094200000,22.8936204000,3778312,54730035.2400,1.221000,1,0.069000,16.251130,2.124810,2.243089,2802.950517,0
2023-04-12,sh.603339,22.9252196000,23.2728108000,22.7356244000,23.1464140000,22.9094200000,3534756,51574447.4400,1.142300,1,1.034500,16.419245,2.146790,2.266293,2831.946557,0
2023-04-13,sh.603339,23.0200172000,23.3834080000,22.7830232000,23.0674160000,23.1464140000,3818308,55781234.1600,1.233900,1,-0.341300,16.363207,2.139464,2.258558,2822.281210,0
2023-04-14,sh.603339,23.0674160000,23.1780132000,22.2932356000,22.4828308000,23.0674160000,4597660,65694115.3600,1.485800,1,-2.534200,15.948523,2.085244,2.201321,2750.757645,0
2023-04-17,sh.603339,22.3090352000,23.0990152000,22.2932356000,23.0042176000,22.4828308000,3377596,48829528.8400,1.091500,1,2.319000,16.318376,2.133602,2.252370,2814.548933,0
2023-04-18,sh.603339,22.9410192000,23.0990152000,22.5302296000,22.9094200000,23.0042176000,3047925,44084875.7500,0.985000,1,-0.412100,16.251130,2.124810,2.243089,2802.950517,0
2023-04-19,sh.603339,23.3676084000,23.7309992000,22.3248348000,22.3564340000,22.9094200000,7007320,101834668.5200,2.264500,1,-2.413800,14.325008,1.985335,2.162896,-18.080878,0
2023-04-20,sh.603339,22.3880332000,22.5934280000,22.0404420000,22.4828308000,22.3564340000,3507680,49452411.0000,1.133600,1,0.565400,14.405997,1.996560,2.175124,-18.183102,0
2023-04-21,sh.603339,22.5460292000,22.5618288000,21.4874560000,21.5822536000,22.4828308000,5123488,71029040.7200,1.655700,1,-4.005600,13.828948,1.916585,2.087997,-17.454756,0
2023-04-24,sh.603339,21.5664540000,22.0404420000,21.2346624000,21.8508468000,21.5822536000,4374384,60103167.5200,1.413600,1,1.244500,14.001050,1.940437,2.113982,-17.671982,0
2023-04-25,sh.603339,21.6454520000,21.9772436000,20.9502696000,21.2662616000,21.8508468000,4582642,61691508.3700,1.480900,1,-2.675300,13.626474,1.888524,2.057426,-17.199196,0
2023-04-26,sh.603339,22.2300372000,23.3992076000,22.1826384000,22.7198248000,21.2662616000,19548928,286769422.1200,6.317500,1,6.835100,13.319550,1.950434,2.116026,-17.724527,0
2023-04-27,sh.603339,22.5460292000,23.8415964000,22.4828308000,23.3834080000,22.7198248000,20878823,308476321.0200,6.747300,1,2.920700,13.708577,2.007401,2.177829,-18.242211,0
2023-04-28,sh.603339,23.6678008000,23.9837928000,23.3676084000,23.7309992000,23.3834080000,7785068,116820205.0400,2.515800,1,1.486500,13.912353,2.037241,2.210202,-18.513379,0
2023-05-04,sh.603339,23.8889952000,24.5841776000,23.7467988000,23.9363940000,23.7309992000,7981919,121811003.5800,2.579500,1,0.865500,14.032766,2.054873,2.229332,-18.673615,0
2023-05-05,sh.603339,23.8415964000,23.9521936000,23.2254120000,23.4150072000,23.9363940000,5907900,87683601.6400,1.909200,1,-2.178200,13.727102,2.010114,2.180772,-18.266863,0
2023-05-08,sh.603339,23.3834080000,24.8527708000,23.3202096000,24.2997848000,23.4150072000,9302344,143062173.0000,3.006200,1,3.778700,14.245805,2.086069,2.263176,-18.957109,0
2023-05-09,sh.603339,24.2523860000,24.5683780000,23.9837928000,24.0469912000,24.2997848000,5041248,77055761.4800,1.629100,1,-1.040300,14.097604,2.064368,2.239632,-18.759896,0
2023-05-10,sh.603339,23.8573960000,24.3787828000,23.8099972000,24.2365864000,24.0469912000,4060842,62071394.6900,1.312300,1,0.788400,14.208755,2.080644,2.257290,-18.907805,0
2023-05-11,sh.603339,24.2049872000,24.3155844000,23.8257968000,24.1101896000,24.2365864000,3366452,51263839.4800,1.087900,1,-0.521500,14.134654,2.069793,2.245518,-18.809199,0
2023-05-12,sh.603339,23.8889952000,24.2997848000,23.7309992000,23.8099972000,24.1101896000,2978745,45134202.4300,0.962600,1,-1.245100,13.958666,2.044022,2.217560,-18.575008,0
2023-05-15,sh.603339,23.6836004000,24.0785904000,23.3834080000,23.8099972000,23.8099972000,3192880,47887558.8000,1.031800,1,0.000000,13.958666,2.044022,2.217560,-18.575008,0
2023-05-16,sh.603339,23.8257968000,24.4893800000,23.6520012000,24.0627908000,23.8099972000,8775252,134053370.7000,2.835800,1,1.061700,14.106866,2.065724,2.241104,-18.772221,0
2023-05-17,sh.603339,23.9837928000,24.4893800000,23.7467988000,24.4893800000,24.0627908000,5961934,91567210.8100,1.926700,1,1.772800,14.356955,2.102346,2.280834,-19.105019,0
2023-05-18,sh.603339,24.4419812000,24.8369712000,24.2681856000,24.5841776000,24.4893800000,5051433,78502174.4700,1.632400,1,0.387100,14.412531,2.110484,2.289663,-19.178973,0
2023-05-19,sh.603339,24.5841776000,25.0581656000,24.3471836000,24.8843700000,24.5841776000,6107857,95889126.3600,1.973800,1,1.221100,14.588519,2.136254,2.317622,-19.413164,0
2023-05-22,sh.603339,24.9001696000,25.0581656000,24.6157768000,24.8053720000,24.8843700000,4500132,70584999.0800,1.454300,1,-0.317500,14.542206,2.129473,2.310265,-19.351535,0
2023-05-23,sh.603339,24.7895724000,24.8843700000,24.3629832000,24.4893800000,24.8053720000,3733104,58150596.0000,1.206400,1,-1.273900,14.356955,2.102346,2.280834,-19.105019,0
2023-05-24,sh.603339,24.4577808000,24.7105744000,24.3471836000,24.4419812000,24.4893800000,2943064,45683222.5600,0.951100,1,-0.193500,14.329168,2.098276,2.276420,-19.068041,0
2023-05-25,sh.603339,24.3313840000,24.9159692000,24.1259892000,24.4577808000,24.4419812000,5107028,79024505.5600,1.650400,1,0.064600,14.338430,2.099633,2.277891,-19.080367,0
2023-05-26,sh.603339,24.6157768000,24.6157768000,23.8889952000,24.2997848000,24.4577808000,4232364,64684154.3600,1.367700,1,-0.646000,14.245805,2.086069,2.263176,-18.957109,0
2023-05-29,sh.603339,24.3629832000,24.5683780000,23.8257968000,23.8573960000,24.2997848000,3708216,56607452.4000,1.198400,1,-1.820500,13.986453,2.048091,2.221974,-18.611986,0
2023-05-30,sh.603339,23.8573960000,24.0153920000,23.6046024000,23.9995924000,23.8573960000,4144924,62580149.0800,1.339500,1,0.596000,14.069816,2.060299,2.235218,-18.722918,0
2023-05-31,sh.603339,23.8731956000,24.2207868000,23.7941976000,23.8731956000,23.9995924000,2265700,34393670.0000,0.732200,1,-0.526700,13.995716,2.049448,2.223446,-18.624312,0
2023-06-01,sh.603339,23.8731956000,23.9837928000,23.5888028000,23.6836004000,23.8731956000,3002171,45121497.6000,0.970200,1,-0.794200,13.884565,2.033172,2.205788,-18.476402,0
2023-06-02,sh.603339,23.7783980000,23.8257968000,23.4308068000,23.4782056000,23.6836004000,3079964,46036174.8000,0.995300,1,-0.867200,13.764152,2.015539,2.186658,-18.316166,0
2023-06-05,sh.603339,23.3676084000,23.6520012000,23.1306144000,23.5572036000,23.4782056000,3190780,47296563.4000,1.031100,1,0.336500,13.810465,2.022321,2.194016,-18.377795,0
2023-06-06,sh.603339,23.4940052000,23.4940052000,22.6882256000,22.7356244000,23.5572036000,3935076,57373184.4000,1.271700,1,-3.487600,13.328812,1.951790,2.117497,-17.736853,0
2023-06-07,sh.603339,22.8462216000,23.1148148000,22.4828308000,22.9410192000,22.7356244000,2975312,43075844.4800,0.961500,1,0.903400,13.449225,1.969423,2.136627,-17.897088,0
2023-06-08,sh.603339,22.9094200000,23.1464140000,22.6566264000,22.8462216000,22.9410192000,2585680,37405795.0400,0.835600,1,-0.413200,13.393650,1.961285,2.127798,-17.823133,0
2023-06-09,sh.603339,22.8146224000,22.9410192000,22.4986304000,22.8304220000,22.8462216000,2806900,40421459.0000,0.907100,1,-0.069200,13.384387,1.959929,2.126326,-17.810808,0
2023-06-12,sh.603339,22.8304270100,23.1673482800,22.8304270100,23.1673482800,22.8304270100,2652800,38005946.0000,0.857300,1,1.475800,13.375125,1.958572,2.124855,-17.798482,0
2023-06-13,sh.603339,23.1833921500,23.3277869800,22.8785586200,22.9427341000,23.1673482800,2406880,34603432.8000,0.777800,1,-0.969500,13.245449,1.939583,2.104254,-17.625920,0
2023-06-14,sh.603339,22.9266902300,23.2475676300,22.8304270100,23.0710850600,22.9427341000,2070824,29716295.9600,0.669200,1,0.559400,13.319550,1.950434,2.116026,-17.724527,0
2023-06-15,sh.603339,23.0710850600,23.5844889000,22.9106463600,23.3919624600,23.0710850600,4026796,58666401.6400,1.301300,1,1.390800,13.504801,1.977561,2.145456,-17.971043,0
2023-06-16,sh.603339,23.3598747200,23.6486643800,23.2636115000,23.4721818100,23.3919624600,2571659,37656162.0300,0.831100,1,0.342900,13.551113,1.984343,2.152813,-18.032672,0
2023-06-19,sh.603339,23.5363572900,24.4348140100,23.4400940700,24.1941559600,23.4721818100,5694284,85465049.6800,1.840200,1,3.075900,13.967928,2.045379,2.219031,-18.587334,0
2023-06-20,sh.603339,24.3706385300,24.9321739800,23.9855856500,24.8038230200,24.1941559600,7213558,110666771.2000,2.331200,1,2.519900,14.319905,2.096920,2.274948,-19.055715,0
2023-06-21,sh.603339,24.8519546300,24.9642617200,24.4508578800,24.5471211000,24.8038230200,5408700,83206229.2000,1.747900,1,-1.034900,14.171704,2.075219,2.251404,-18.858502,0
2023-06-26,sh.603339,24.4508578800,24.8359107600,24.1620682200,24.2422875700,24.5471211000,3941188,60082068.6000,1.273600,1,-1.241800,13.995716,2.049448,2.223446,-18.624312,0
2023-06-27,sh.603339,24.2422875700,25.1086565500,24.2422875700,25.0605249400,24.2422875700,6778760,105143491.4800,2.190600,1,3.375200,14.468106,2.118622,2.298492,-19.252928,0
2023-06-28,sh.603339,24.9482178500,24.9963494600,24.4829456200,24.9642617200,25.0605249400,4462360,68982902.6400,1.442100,1,-0.384100,14.412531,2.110484,2.289663,-19.178973,0
2023-06-29,sh.603339,24.9642617200,25.7504113500,24.8840423700,25.7504113500,24.9642617200,6478505,103031827.6600,2.093600,1,3.149100,14.866396,2.176945,2.361767,-19.782939,0
2023-06-30,sh.603339,25.7343674800,25.8466745700,25.3974462100,25.5257971700,25.7504113500,4637877,73956347.2500,1.498800,1,-0.872300,14.736720,2.157956,2.341166,-19.610377,0
2023-07-03,sh.603339,25.6381042600,25.8306307000,25.3653584700,25.4455778200,25.5257971700,4033644,64152688.0800,1.303500,1,-0.314300,14.690407,2.151174,2.333809,-19.548748,0
2023-07-04,sh.603339,25.4937094300,26.1354642300,25.4455778200,25.7504113500,25.4455778200,5412664,87301470.6400,1.749200,1,1.198000,14.866396,2.176945,2.361767,-19.782939,0
2023-07-05,sh.603339,25.6701920000,25.7504113500,25.2690952500,25.4616216900,25.7504113500,3197616,50937450.8000,1.033400,1,-1.121500,14.699670,2.152531,2.335280,-19.561074,0
2023-07-06,sh.603339,25.5418410400,25.6701920000,25.3493146000,25.4455778200,25.4616216900,2306540,36656258.2000,0.745400,1,-0.063000,14.690407,2.151174,2.333809,-19.548748,0
2023-07-07,sh.603339,25.4134900800,25.5739287800,25.1567881600,25.1567881600,25.4455778200,2959496,46734660.8400,0.956400,1,-1.134900,14.523681,2.126760,2.307322,-19.326883,0
2023-07-10,sh.603339,25.2370075100,25.3011829900,24.8679985000,24.9482178500,25.1567881600,2813645,43856995.9500,0.909300,1,-0.829100,14.403268,2.109127,2.288192,-19.166648,0
2023-07-11,sh.603339,25.0926126800,25.4455778200,24.8840423700,25.2530513800,24.9482178500,3006460,47315767.0800,0.971600,1,1.221900,14.579257,2.134898,2.316151,-19.400838,0
2023-07-12,sh.603339,25.2690952500,25.7664552200,25.0123933300,25.0284372000,25.2530513800,3365556,53204227.0800,1.087600,1,-0.889500,14.449581,2.115909,2.295549,-19.228277,0
2023-07-13,sh.603339,25.1567881600,25.3653584700,24.9000862400,25.3011829900,25.0284372000,2783064,43646444.1200,0.899400,1,1.089700,14.607044,2.138967,2.320565,-19.437816,0
2023-07-14,sh.603339,25.1888759000,25.4937094300,25.0123933300,25.1567881600,25.3011829900,2863663,45072540.3600,0.925400,1,-0.570700,14.523681,2.126760,2.307322,-19.326883,0
2023-07-17,sh.603339,24.5952527100,25.0284372000,24.0658050000,24.7877791500,25.1567881600,4995992,76836191.8400,1.614500,1,-1.466800,14.310643,2.095564,2.273477,-19.043389,0
2023-07-18,sh.603339,24.7877791500,25.1247004200,24.6594281900,24.9963494600,24.7877791500,2625952,40893548.4100,0.848600,1,0.841400,14.431056,2.113196,2.292606,-19.203625,0
2023-07-19,sh.603339,25.0123933300,25.1247004200,24.5310772300,24.7075598000,24.9963494600,2912700,44921634.3600,0.941300,1,-1.155300,14.264330,2.088782,2.266119,-18.981760,0
2023-07-20,sh.603339,24.7075598000,24.8359107600,24.3064630500,24.3866824000,24.7075598000,2337860,35862367.8000,0.755500,1,-1.298700,14.079079,2.061655,2.236689,-18.735244,0
2023-07-21,sh.603339,24.3064630500,24.3866824000,23.8893224300,23.9855856500,24.3866824000,2852680,42846203.6400,0.921900,1,-1.644700,13.847515,2.027746,2.199902,-18.427099,0
2023-07-24,sh.603339,23.9534979100,24.3064630500,23.8251469500,23.9534979100,23.9855856500,2000864,30036192.2800,0.646600,1,-0.133800,13.828990,2.025033,2.196959,-18.402447,0
2023-07-25,sh.603339,24.0658050000,24.4348140100,24.0497611300,24.4187701400,23.9534979100,2657764,40198772.5200,0.858900,1,1.942400,14.097604,2.064368,2.239632,-18.759896,0
2023-07-26,sh.603339,24.4027262700,24.4027262700,24.0176733900,24.0658050000,24.4187701400,2157690,32488412.8000,0.697300,1,-1.445500,13.893828,2.034528,2.207259,-18.488728,0
2023-07-27,sh.603339,24.2101998300,24.2743753100,23.7128398600,23.7449276000,24.0658050000,2278100,34042243.0000,0.736200,1,-1.333300,13.708577,2.007401,2.177829,-18.242211,0
2023-07-28,sh.603339,23.7449276000,24.1139366100,23.5524011600,24.0176733900,23.7449276000,2012848,29943156.6400,0.650500,1,1.148600,13.866040,2.030459,2.202845,-18.451750,0
2023-07-31,sh.603339,24.0016295200,24.1781120900,23.8251469500,23.9374540400,24.0176733900,2942100,43974759.0000,0.950800,1,-0.334000,13.819727,2.023677,2.195487,-18.390121,0
2023-08-01,sh.603339,23.9053663000,23.9374540400,23.3919624600,23.6486643800,23.9374540400,2834791,41725143.0600,0.916100,1,-1.206400,13.653001,1.999263,2.169000,-18.168256,0
2023-08-02,sh.603339,23.6486643800,23.6807521200,23.2956992400,23.4721818100,23.6486643800,2555112,37302352.4900,0.825700,1,-0.746300,13.551113,1.984343,2.152813,-18.032672,0
2023-08-03,sh.603339,23.5363572900,23.8732785600,23.2636115000,23.3117431100,23.4721818100,2886820,42279137.3800,0.932900,1,-0.683500,13.458488,1.970779,2.138098,-17.909414,0
2023-08-04,sh.603339,23.3117431100,23.5524011600,23.0710850600,23.1833921500,23.3117431100,4096464,59276274.7200,1.323800,1,-0.550600,13.384387,1.959929,2.126326,-17.810808,0
2023-08-07,sh.603339,23.1833921500,23.2475676300,22.9106463600,22.9908657100,23.1833921500,2103304,30211525.2800,0.679700,1,-0.830400,13.273237,1.943652,2.108668,-17.662898,0
2023-08-08,sh.603339,22.8946024900,23.1031728000,22.7983392700,23.0229534500,22.9908657100,2314744,33146264.1600,0.748000,1,0.139600,13.291762,1.946365,2.111611,-17.687549,0
2023-08-09,sh.603339,22.9427341000,23.0871289300,22.5897689600,22.6699883100,23.0229534500,2552276,36141419.7200,0.824800,1,-1.533100,13.087986,1.916525,2.079238,-17.416381,0
2023-08-10,sh.603339,22.6218567000,22.9106463600,22.5897689600,22.8143831400,22.6699883100,1892528,26879525.5200,0.611600,1,0.636900,13.171349,1.928732,2.092482,-17.527314,0
2023-08-11,sh.603339,22.8946024900,23.2315237600,22.6218567000,22.6699883100,22.8143831400,2900771,41454774.0000,0.937400,1,-0.632900,13.087986,1.916525,2.079238,-17.416381,0
2023-08-14,sh.603339,22.4614180000,22.8304270100,22.3491109100,22.8304270100,22.6699883100,2575084,36207846.2400,0.832200,1,0.707700,13.180611,1.930089,2.093953,-17.539640,0
2023-08-15,sh.603339,22.7822954000,22.9748218400,22.4774618700,22.6218567000,22.8304270100,3068284,43325821.4400,0.991600,1,-0.913600,13.060198,1.912456,2.074824,-17.379404,0
2023-08-16,sh.603339,22.0121896400,22.1726283400,20.3757149000,20.5521974700,22.6218567000,16056122,207535559.7600,5.188700,1,-9.148900,12.054597,1.735047,1.834543,45.798971,0
2023-08-17,sh.603339,20.1992323300,20.6645045600,19.8783549300,20.6003290800,20.5521974700,10692992,134847840.4800,3.455600,1,0.234200,12.082828,1.739111,1.838840,45.906228,0
2023-08-18,sh.603339,20.5201097300,20.6163729500,19.9746181500,20.0227497600,20.6003290800,6307330,79761703.8000,2.038300,1,-2.803700,11.744057,1.690351,1.787283,44.619138,0
2023-08-21,sh.603339,19.9264865400,20.2473639400,19.7660478400,19.9104426700,20.0227497600,4865925,60895948.6000,1.572500,1,-0.560900,11.678185,1.680869,1.777259,44.368870,0
2023-08-22,sh.603339,19.9746181500,20.1350568500,19.7018723600,20.0548375000,19.9104426700,4116372,51062096.7200,1.330300,1,0.725200,11.762878,1.693059,1.790148,44.690643,0
2023-08-23,sh.603339,20.0227497600,20.0548375000,19.7339601000,19.7500039700,20.0548375000,2794749,34657069.2900,0.903200,1,-1.520000,11.584082,1.667325,1.762937,44.011345,0
2023-08-24,sh.603339,19.7660478400,20.0708813700,19.7018723600,19.8623110600,19.7500039700,3199773,39686316.6700,1.034000,1,0.568600,11.649954,1.676806,1.772962,44.261612,0
2023-08-25,sh.603339,19.8623110600,19.9264865400,19.3970388300,19.3970388300,19.8623110600,4429680,54120336.2000,1.431500,1,-2.342500,11.377055,1.637527,1.731431,43.224790,0
2023-08-28,sh.603339,20.4078026400,20.5361536000,19.4130827000,19.4772581800,19.3970388300,5657220,70485573.8400,1.828200,1,0.413600,11.424107,1.644299,1.738591,43.403552,0
2023-08-29,sh.603339,19.4933020500,20.3757149000,19.4130827000,20.2954955500,19.4772581800,4374864,54709023.5300,1.413800,1,4.201000,11.904032,1.713376,1.811629,45.226930,0
2023-08-30,sh.603339,20.2634078100,21.0174697000,20.2313200700,20.5842852100,20.2954955500,4051172,52154410.6800,1.309200,1,1.422900,12.073418,1.737756,1.837408,45.870476,0
2023-08-31,sh.603339,20.6645045600,20.8249432600,20.3917587700,20.5201097300,20.5842852100,2819778,36237601.1600,0.911200,1,-0.311800,12.035776,1.732338,1.831679,45.727466,0
2023-09-01,sh.603339,20.6805484300,20.9372503500,20.5040658600,20.8249432600,20.5201097300,4476027,57923101.7100,1.446500,1,1.485500,12.214572,1.758073,1.858889,46.406763,0
2023-09-04,sh.603339,20.7928555200,20.9853819600,20.6484606900,20.8249432600,20.8249432600,2972260,38542967.9200,0.960500,1,0.000000,12.214572,1.758073,1.858889,46.406763,0
2023-09-05,sh.603339,20.8088993900,20.9853819600,20.6645045600,20.7768116500,20.8249432600,2669110,34596373.5000,0.862600,1,-0.231100,12.186341,1.754010,1.854593,46.299506,0
2023-09-06,sh.603339,20.7126361700,20.9372503500,20.6324168200,20.8249432600,20.7768116500,2815344,36437849.0800,0.909800,1,0.231700,12.214572,1.758073,1.858889,46.406763,0
2023-09-07,sh.603339,20.9051626100,20.9051626100,20.5201097300,20.5361536000,20.8249432600,3045284,39192353.0800,0.984100,1,-1.386700,12.045187,1.733693,1.833111,45.763218,0
2023-09-08,sh.603339,20.5201097300,20.7607677800,20.3917587700,20.6163729500,20.5361536000,2138828,27471970.4200,0.691200,1,0.390600,12.092238,1.740465,1.840272,45.941981,0
2023-09-11,sh.603339,20.6324168200,21.0014258300,20.3436271600,20.9853819600,20.6163729500,3699356,47888724.1200,1.195500,1,1.789900,12.308675,1.771617,1.873210,46.764288,0
2023-09-12,sh.603339,20.8570310000,20.9532942200,20.6645045600,20.7286800400,20.9853819600,2554260,33047684.2400,0.825400,1,-1.223200,12.158110,1.749946,1.850297,46.192248,0
2023-09-13,sh.603339,20.6645045600,20.8409871300,20.0548375000,20.5361536000,20.7286800400,2768736,35278799.8000,0.894800,1,-0.928800,12.045187,1.733693,1.833111,45.763218,0
2023-09-14,sh.603339,20.5040658600,20.5521974700,20.1029691100,20.2634078100,20.5361536000,2582336,32607792.3200,0.834500,1,-1.328100,11.885211,1.710667,1.808765,45.155425,0
2023-09-15,sh.603339,20.3436271600,20.4398903800,20.0869252400,20.2152762000,20.2634078100,1792272,22615866.0400,0.579200,1,-0.237500,11.856981,1.706604,1.804469,45.048168,0
2023-09-18,sh.603339,20.1511007200,20.6324168200,20.1350568500,20.5040658600,20.2152762000,2246685,28637811.6500,0.726000,1,1.428600,12.026366,1.730984,1.830247,45.691713,0
2023-09-19,sh.603339,20.4719781200,20.4719781200,20.0548375000,20.1190129800,20.5040658600,1973388,24838943.2800,0.637700,1,-1.877900,11.800519,1.698477,1.795876,44.833653,0
2023-09-20,sh.603339,20.1511007200,20.3115394200,19.9104426700,19.9264865400,20.1190129800,2370647,29701613.9100,0.766100,1,-0.956900,11.687595,1.682224,1.778691,44.404623,0
2023-09-21,sh.603339,19.8141794500,20.1029691100,19.7500039700,19.8141794500,19.9264865400,1720848,21344415.5600,0.556100,1,-0.563600,11.621723,1.672743,1.768666,44.154355,0
2023-09-22,sh.603339,19.8783549300,20.3596710300,19.6858284900,20.2954955500,19.8141794500,2469560,30950759.9000,0.798100,1,2.429100,11.904032,1.713376,1.811629,45.226930,0
2023-09-25,sh.603339,20.3115394200,20.4719781200,20.1671445900,20.2152762000,20.2954955500,2071444,26192109.8800,0.669400,1,-0.395300,11.856981,1.706604,1.804469,45.048168,0
2023-09-26,sh.603339,20.2152762000,20.3917587700,20.0708813700,20.2152762000,20.2152762000,2349128,29638015.9200,0.759200,1,0.000000,11.856981,1.706604,1.804469,45.048168,0
2023-09-27,sh.603339,20.2473639400,20.5361536000,20.1190129800,20.3436271600,20.2152762000,2233080,28372179.2000,0.721600,1,0.634900,11.932263,1.717440,1.815926,45.334188,0
2023-09-28,sh.603339,20.3436271600,20.5361536000,20.3115394200,20.4719781200,20.3436271600,1963232,25012629.0000,0.634400,1,0.630900,12.007545,1.728275,1.827383,45.620208,0
2023-10-09,sh.603339,20.4719781200,20.5842852100,20.1671445900,20.2152762000,20.4719781200,2845728,36107518.0400,0.919600,1,-1.253900,11.856981,1.706604,1.804469,45.048168,0
2023-10-10,sh.603339,20.3436271600,20.3436271600,19.6858284900,19.7500039700,20.2152762000,3394308,42064944.0400,1.096900,1,-2.301600,11.584082,1.667325,1.762937,44.011345,0
2023-10-11,sh.603339,19.7820917100,20.0227497600,19.5735214000,19.7820917100,19.7500039700,2653572,32784397.6800,0.857500,1,0.162500,11.602902,1.670034,1.765802,44.082850,0
2023-10-12,sh.603339,19.9746181500,19.9746181500,19.6376968800,19.8302233200,19.7820917100,2047520,25207767.4000,0.661700,1,0.243300,11.631133,1.674097,1.770098,44.190107,0
2023-10-13,sh.603339,19.6537407500,19.7981355800,19.4612143100,19.4933020500,19.8302233200,2388984,29121117.5200,0.772000,1,-1.699000,11.433517,1.645654,1.740024,43.439305,0
2023-10-16,sh.603339,19.4933020500,19.6537407500,19.1884685200,19.2686878700,19.4933020500,2764124,33262855.8000,0.893300,1,-1.152300,11.301773,1.626692,1.719974,42.938769,0
2023-10-17,sh.603339,19.2847317400,19.3970388300,19.0601175600,19.3970388300,19.2686878700,2367492,28357692.8400,0.765100,1,0.666100,11.377055,1.637527,1.731431,43.224790,0
2023-10-18,sh.603339,19.1082491700,19.2686878700,17.9691344000,18.0814414900,19.3970388300,9033457,102721889.0300,2.919300,1,-6.782500,11.043418,1.465644,1.610876,-8.613788,0
2023-10-19,sh.603339,17.9210027900,18.4183627600,17.8889150500,18.0493537500,18.0814414900,4727371,53498374.0300,1.527700,1,-0.177500,11.023820,1.463043,1.608017,-8.598501,0
2023-10-20,sh.603339,17.9691344000,18.3862750200,17.9049589200,17.9530905300,18.0493537500,2986896,33717906.1200,0.965300,1,-0.533300,10.965027,1.455240,1.599441,-8.552643,0
2023-10-23,sh.603339,17.8568273100,18.0012221400,17.5199060400,17.6161692600,17.9530905300,3537192,39187785.0300,1.143100,1,-1.876700,10.759249,1.427930,1.569425,-8.392137,0
2023-10-24,sh.603339,17.6803447400,18.0012221400,17.5840815200,17.9851782700,17.6161692600,3290600,36579317.0000,1.063400,1,2.094700,10.984624,1.457841,1.602300,-8.567929,0
2023-10-25,sh.603339,17.9851782700,18.5306698500,17.9851782700,18.1295731000,17.9851782700,3318872,37809029.4800,1.072500,1,0.802900,11.072815,1.469546,1.615164,-8.636717,0
2023-10-26,sh.603339,18.0172660100,18.4023188900,17.8568273100,18.3862750200,18.1295731000,2673836,30160817.4800,0.864100,1,1.415900,11.229598,1.490353,1.638034,-8.759007,0
2023-10-27,sh.603339,18.2418801900,18.7231962900,18.2258363200,18.6590208100,18.3862750200,2336796,26979860.4800,0.755200,1,1.483400,11.396180,1.512462,1.662332,-8.888940,0
2023-10-30,sh.603339,18.6429769400,18.8996788600,18.4183627600,18.8355033800,18.6590208100,3516014,40869039.1200,1.136200,1,0.945800,11.503969,1.526767,1.678055,-8.973014,0
2023-10-31,sh.603339,18.7873717700,18.9317666000,18.6429769400,18.7713279000,18.8355033800,2250000,26284517.0000,0.727100,1,-0.340700,11.464773,1.521565,1.672338,-8.942441,0
2023-11-01,sh.603339,18.7231962900,18.8836349900,18.6911085500,18.8034156400,18.7713279000,2059640,24113045.0800,0.665600,1,0.170900,11.484371,1.524166,1.675197,-8.957728,0
2023-11-02,sh.603339,18.7392401600,18.8996788600,18.5948453300,18.5948453300,18.8034156400,1677932,19558738.4800,0.542200,1,-1.109200,11.356985,1.507260,1.656615,-8.858367,0
2023-11-03,sh.603339,18.5788014600,19.1563807800,18.5467137200,19.0440736900,18.5948453300,3139238,37191917.2200,1.014500,1,2.415900,11.631355,1.543673,1.696637,-9.072374,0
2023-11-06,sh.603339,19.1082491700,19.3649510900,19.0601175600,19.3328633500,19.0440736900,2344329,28113134.1800,0.757600,1,1.516400,11.807736,1.567082,1.722365,-9.209950,0
2023-11-07,sh.603339,19.3809949600,19.4291265700,19.1724246500,19.3970388300,19.3328633500,1895024,22819191.4400,0.612400,1,0.332000,11.846932,1.572284,1.728082,-9.240523,0
2023-11-08,sh.603339,19.3328633500,19.4612143100,19.2045123900,19.3007756100,19.3970388300,1988004,23946518.2800,0.642400,1,-0.496300,11.788138,1.564481,1.719506,-9.194664,0
2023-11-09,sh.603339,19.3007756100,19.3970388300,19.1724246500,19.2686878700,19.3007756100,2341324,28121301.9200,0.756600,1,-0.166300,11.768541,1.561880,1.716648,-9.179378,0
2023-11-10,sh.603339,19.2045123900,19.2686878700,19.0761614300,19.1724246500,19.2686878700,1730928,20697770.7200,0.559400,1,-0.499600,11.709747,1.554077,1.708072,-9.133519,0
2023-11-13,sh.603339,19.3328633500,19.4612143100,19.1563807800,19.3649510900,19.1724246500,2131584,25708070.4800,0.688800,1,1.004200,11.827334,1.569683,1.725224,-9.225237,0
2023-11-14,sh.603339,19.3328633500,19.4451704400,19.2847317400,19.3970388300,19.3649510900,1575124,19003360.2000,0.509000,1,0.165700,11.846932,1.572284,1.728082,-9.240523,0
2023-11-15,sh.603339,19.4933020500,19.6376968800,19.4451704400,19.5414336600,19.3970388300,2268720,27637045.7600,0.733200,1,0.744400,11.935123,1.583988,1.740947,-9.309311,0
2023-11-16,sh.603339,19.5895652700,19.5895652700,19.2847317400,19.2847317400,19.5414336600,1724017,20838475.8500,0.557100,1,-1.313600,11.778339,1.563180,1.718077,-9.187021,0
2023-11-17,sh.603339,19.2847317400,19.5414336600,19.2205562600,19.5253897900,19.2847317400,2136852,25870294.1600,0.690600,1,1.247900,11.925324,1.582688,1.739517,-9.301668,0
2023-11-20,sh.603339,19.5093459200,19.8141794500,19.4130827000,19.7820917100,19.5253897900,2619832,32063808.4400,0.846600,1,1.314700,12.082107,1.603495,1.762387,-9.423958,0
2023-11-21,sh.603339,19.8623110600,19.9264865400,19.6056091400,19.6216530100,19.7820917100,2446032,30115511.1200,0.790500,1,-0.811000,11.984117,1.590491,1.748093,-9.347526,0
2023-11-22,sh.603339,19.6537407500,19.7820917100,19.3649510900,19.3809949600,19.6216530100,2264408,27596904.1200,0.731800,1,-1.226500,11.837133,1.570983,1.726653,-9.232880,0
2023-11-23,sh.603339,19.4612143100,19.6697846200,19.3007756100,19.6056091400,19.3809949600,1645308,20001577.0000,0.531700,1,1.158900,11.974319,1.589190,1.746664,-9.339883,0
2023-11-24,sh.603339,19.6376968800,19.7018723600,19.3168194800,19.3328633500,19.6056091400,3015808,36555340.8400,0.974600,1,-1.391200,11.807736,1.567082,1.722365,-9.209950,0
2023-11-27,sh.603339,19.2205562600,19.3809949600,19.0280298200,19.3168194800,19.3328633500,3630534,43520530.6000,1.173300,1,-0.083000,11.797937,1.565781,1.720936,-9.202307,0
2023-11-28,sh.603339,19.3328633500,19.6858284900,19.3007756100,19.6376968800,19.3168194800,2699280,32919713.8800,0.872300,1,1.661100,11.993916,1.591791,1.749523,-9.355170,0
2023-11-29,sh.603339,19.6858284900,19.7660478400,19.4291265700,19.5253897900,19.6376968800,2155352,26385277.1600,0.696500,1,-0.571900,11.925324,1.582688,1.739517,-9.301668,0
2023-11-30,sh.603339,19.3970388300,19.6056091400,19.1884685200,19.3489072200,19.5253897900,2395824,28847763.8800,0.774200,1,-0.903900,11.817535,1.568382,1.723794,-9.217594,0
2023-12-01,sh.603339,19.3809949600,19.5414336600,19.2205562600,19.3970388300,19.3489072200,2236844,26957782.0800,0.722900,1,0.248800,11.846932,1.572284,1.728082,-9.240523,0
2023-12-04,sh.603339,19.4612143100,19.4612143100,19.1724246500,19.2205562600,19.3970388300,1990628,23892290.1200,0.643300,1,-0.909800,11.739144,1.557979,1.712360,-9.156449,0
2023-12-05,sh.603339,19.1884685200,19.3007756100,18.9157227300,18.9317666000,19.2205562600,2134700,25382017.9200,0.689900,1,-1.502500,11.562763,1.534570,1.686631,-9.018873,0
2023-12-06,sh.603339,19.0119859500,19.2526440000,18.8515472500,19.0761614300,18.9317666000,2178424,25963490.8800,0.704000,1,0.762700,11.650953,1.546274,1.699496,-9.087661,0
2023-12-07,sh.603339,19.1563807800,19.1884685200,18.7713279000,18.9638543400,19.0761614300,1871780,22097049.8000,0.604900,1,-0.588700,11.582360,1.537171,1.689490,-9.034159,0
2023-12-08,sh.603339,18.8675911200,19.1082491700,18.4985821100,18.5948453300,18.9638543400,2832204,33052357.4000,0.915300,1,-1.945900,11.356985,1.507260,1.656615,-8.858367,0
2023-12-11,sh.603339,18.5627575900,18.7873717700,18.2900118000,18.7552840300,18.5948453300,2596564,30165472.5200,0.839100,1,0.862800,11.454974,1.520265,1.670909,-8.934798,0
2023-12-12,sh.603339,18.7231962900,18.8515472500,18.6269330700,18.8034156400,18.7552840300,1947748,22741463.3200,0.629400,1,0.256600,11.484371,1.524166,1.675197,-8.957728,0
2023-12-13,sh.603339,18.8034156400,19.1724246500,18.7071524200,18.8515472500,18.8034156400,1950008,23014224.3600,0.630200,1,0.256000,11.513768,1.528067,1.679485,-8.980657,0
2023-12-14,sh.603339,18.8515472500,19.1403369100,18.8355033800,18.8836349900,18.8515472500,1480760,17490751.6400,0.478500,1,0.170200,11.533366,1.530668,1.682343,-8.995943,0
2023-12-15,sh.603339,18.9317666000,18.9638543400,18.6911085500,18.7231962900,18.8836349900,1434752,16805236.6400,0.463700,1,-0.849600,11.435376,1.517664,1.668050,-8.919512,0
2023-12-18,sh.603339,18.7392401600,18.8034156400,18.4183627600,18.5306698500,18.7231962900,1829248,21232705.0400,0.591100,1,-1.028300,11.317789,1.502058,1.650898,-8.827795,0
2023-12-19,sh.603339,19.0601175600,19.0601175600,18.0974853600,18.6911085500,18.5306698500,2180234,25071978.6800,0.704600,1,0.865800,11.415778,1.515063,1.665191,-8.904226,0
2023-12-20,sh.603339,18.6269330700,18.8836349900,18.3381434100,18.3381434100,18.6911085500,3111492,36025386.0400,1.005500,1,-1.888400,11.200201,1.486452,1.633745,-8.736077,0
2023-12-21,sh.603339,18.3381434100,18.6429769400,18.0974853600,18.6269330700,18.3381434100,2705368,30950641.9200,0.874300,1,1.574800,11.376582,1.509861,1.659474,-8.873653,0
2023-12-22,sh.603339,18.6269330700,18.6429769400,18.2258363200,18.3541872800,18.6269330700,1969900,22636874.3200,0.636600,1,-1.464300,11.210000,1.487752,1.635175,-8.743721,0
2023-12-25,sh.603339,18.4344066300,18.4664943700,18.1295731000,18.1937485800,18.3541872800,1745604,19833290.8400,0.564100,1,-0.874100,11.112011,1.474748,1.620881,-8.667289,0
2023-12-26,sh.603339,18.3381434100,18.3381434100,17.9691344000,18.0012221400,18.1937485800,1966456,22136951.3200,0.635500,1,-1.058200,10.994423,1.459142,1.603729,-8.575572,0
2023-12-27,sh.603339,18.0172660100,18.2900118000,17.9370466600,18.2579240600,18.0012221400,1746380,19760383.2000,0.564400,1,1.426000,11.151207,1.479950,1.626599,-8.697862,0
2023-12-28,sh.603339,18.3702311500,18.7552840300,18.0974853600,18.6911085500,18.2579240600,2607440,30158157.8000,0.842600,1,2.372600,11.415778,1.515063,1.665191,-8.904226,0
2023-12-29,sh.603339,18.6590208100,19.1242930400,18.6269330700,19.0761614300,18.6911085500,2599824,30676641.0000,0.840200,1,2.060100,11.650953,1.546274,1.699496,-9.087661,0
2024-01-02,sh.603339,19.0440736900,19.3970388300,19.0440736900,19.3007756100,19.0761614300,3016352,36193799.6000,0.974800,1,1.177500,11.788138,1.564481,1.719506,-9.194664,0
2024-01-03,sh.603339,19.2686878700,19.3489072200,19.0601175600,19.2366001300,19.3007756100,2407012,28800587.7000,0.777900,1,-0.332500,11.748943,1.559279,1.713789,-9.164092,0
2024-01-04,sh.603339,19.1884685200,19.3809949600,19.1724246500,19.3328633500,19.2366001300,2349127,28227081.3200,0.759200,1,0.500400,11.807736,1.567082,1.722365,-9.209950,0
2024-01-05,sh.603339,19.2526440000,19.3970388300,18.8515472500,18.9478104700,19.3328633500,1678216,19978618.8800,0.542300,1,-1.991700,11.572562,1.535870,1.688061,-9.026516,0
2024-01-08,sh.603339,18.8194595100,18.9959420800,18.6269330700,18.6750646800,18.9478104700,2057048,24129788.6000,0.664800,1,-1.439500,11.405979,1.513762,1.663762,-8.896583,0
2024-01-09,sh.603339,18.6269330700,19.0440736900,18.5467137200,18.9157227300,18.6750646800,2446600,28794816.0000,0.790700,1,1.288700,11.552964,1.533269,1.685202,-9.011230,0
2024-01-10,sh.603339,18.9157227300,19.0280298200,18.6108892000,18.8034156400,18.9157227300,1943819,22818980.0700,0.628200,1,-0.593700,11.484371,1.524166,1.675197,-8.957728,0
2024-01-11,sh.603339,18.8194595100,19.1242930400,18.7392401600,19.0601175600,18.8034156400,2280213,26943528.2400,0.736900,1,1.365200,11.641154,1.544974,1.698066,-9.080018,0
2024-01-12,sh.603339,19.0280298200,19.3489072200,18.9478104700,19.0119859500,19.0601175600,2361113,28171346.1400,0.763000,1,-0.252500,11.611757,1.541072,1.693778,-9.057088,0
2024-01-15,sh.603339,18.9157227300,19.0922053000,18.7392401600,18.9798982100,19.0119859500,1669584,19718346.0400,0.539500,1,-0.168800,11.592159,1.538471,1.690919,-9.041802,0
2024-01-16,sh.603339,18.9959420800,19.1242930400,18.6269330700,18.8515472500,18.9798982100,1897236,22290721.2800,0.613100,1,-0.676200,11.513768,1.528067,1.679485,-8.980657,0
2024-01-17,sh.603339,18.8515472500,18.8836349900,18.3862750200,18.3862750200,18.8515472500,2143316,24941806.5600,0.692600,1,-2.468100,11.229598,1.490353,1.638034,-8.759007,0
2024-01-18,sh.603339,18.3220995400,18.4344066300,17.5038621700,18.0012221400,18.3862750200,4111580,45928090.1200,1.328700,1,-2.094200,10.994423,1.459142,1.603729,-8.575572,0
2024-01-19,sh.603339,18.0012221400,18.0653976200,17.6643008700,17.8086957000,18.0012221400,2884479,32002100.2400,0.932200,1,-1.069500,10.876836,1.443536,1.586577,-8.483855,0
2024-01-22,sh.603339,17.7605640900,17.8889150500,16.0438700000,16.3647474000,17.8086957000,5054790,53453938.5200,1.633500,1,-8.108100,9.994930,1.326493,1.457936,-7.795975,0
2024-01-23,sh.603339,16.3647474000,16.5251861000,15.8834313000,16.2684841800,16.3647474000,4991180,50367179.8000,1.613000,1,-0.588200,9.936137,1.318690,1.449360,-7.750116,0
2024-01-24,sh.603339,16.3647474000,16.6214493200,15.8192558200,16.4289228800,16.2684841800,4331037,43840601.9100,1.399600,1,0.986200,10.034126,1.331694,1.463653,-7.826547,0
2024-01-25,sh.603339,16.4449667500,17.4557305600,16.3807912700,17.3755112100,16.4289228800,4863459,51577077.0900,1.571700,1,5.761700,10.612264,1.408423,1.547985,-8.277491,0
2024-01-26,sh.603339,17.4075989500,17.7766079600,17.2952918600,17.5519937800,17.3755112100,3022780,33178426.3200,0.976900,1,1.015700,10.720053,1.422728,1.563707,-8.361565,0
2024-01-29,sh.603339,17.7926518300,19.2526440000,17.4557305600,17.5519937800,17.5519937800,7083724,80169762.0400,2.289200,1,0.000000,10.720053,1.422728,1.563707,-8.361565,0
2024-01-30,sh.603339,17.0546338100,17.2311163800,16.2524403100,16.3326596600,17.5519937800,6682715,69595229.8000,2.159600,1,-6.947000,9.975332,1.323892,1.455077,-7.780688,0
2024-01-31,sh.603339,16.2043087000,16.2524403100,15.2577203700,15.3379397200,16.3326596600,6290156,61451443.0200,2.032700,1,-6.090400,9.367797,1.243262,1.366457,-7.306815,0
2024-02-01,sh.603339,15.3218958500,15.4823345500,14.6640971800,14.9528868400,15.3379397200,4569432,42861240.3200,1.476700,1,-2.510500,9.132623,1.212050,1.332153,-7.123381,0
2024-02-02,sh.603339,14.9689307100,15.2095887600,13.5570701500,14.1186056000,14.9528868400,6317292,56322176.5200,2.041500,1,-5.579400,8.623077,1.144425,1.257827,-6.725939,0
2024-02-05,sh.603339,13.9902546400,14.0223423800,12.7067450400,12.7869643900,14.1186056000,8904126,72190668.3200,2.877500,1,-9.431800,7.809764,1.036485,1.139191,-6.091561,0
2024-02-06,sh.603339,12.5463063400,13.7335527200,12.2093850700,13.3324559700,12.7869643900,6568139,52654223.4400,2.122600,1,4.266000,8.142929,1.080701,1.187789,-6.351426,0
2024-02-07,sh.603339,13.3324559700,13.7335527200,12.7548766500,12.9794908300,13.3324559700,6357510,52606446.8600,2.054500,1,-2.647400,7.927352,1.052091,1.156343,-6.183278,0
2024-02-08,sh.603339,13.2201488800,14.2790443000,13.1078417900,14.2790443000,12.9794908300,5954950,50916326.3800,1.924400,1,10.012400,8.721067,1.157430,1.272120,-6.802370,0
2024-02-19,sh.603339,14.9207991000,15.3058519800,14.6801410500,15.0651939300,14.2790443000,8064714,75635837.9200,2.606200,1,5.505600,9.201215,1.221153,1.342158,-7.176883,0
2024-02-20,sh.603339,15.3218958500,15.3700274600,14.9207991000,15.1614571500,15.0651939300,4389402,41458035.0600,1.418500,1,0.639000,9.260009,1.228956,1.350734,-7.222741,0
2024-02-21,sh.603339,14.9689307100,15.7069487300,14.9528868400,15.2737642400,15.1614571500,4714986,45273437.0400,1.523700,1,0.740700,9.328602,1.238060,1.360740,-7.276243,0
2024-02-22,sh.603339,15.2577203700,15.6427732500,15.2256326300,15.4662906800,15.2737642400,3127910,30066762.4000,1.010800,1,1.260500,9.446189,1.253666,1.377892,-7.367960,0
2024-02-23,sh.603339,15.5144222900,16.1561770900,15.4662906800,16.0759577400,15.4662906800,4588723,45158591.2900,1.482900,1,3.941900,9.818549,1.303084,1.432207,-7.658399,0
2024-02-26,sh.603339,16.4128790100,16.5572738400,16.0920016100,16.2684841800,16.0759577400,5033249,51270058.5400,1.626600,1,1.197600,9.936137,1.318690,1.449360,-7.750116,0
2024-02-27,sh.603339,16.2524403100,16.5251861000,16.0599138700,16.5091422300,16.2684841800,4854140,49423200.1600,1.568700,1,1.479300,10.083121,1.338197,1.470800,-7.864763,0
2024-02-28,sh.603339,16.7337564100,16.8621073700,15.4342029400,15.4502468100,16.5091422300,7077462,71647583.2000,2.287200,1,-6.414000,9.436390,1.252365,1.376463,-7.360317,0
2024-02-29,sh.603339,15.4181590700,16.0278261300,15.2737642400,16.0278261300,15.4502468100,4296180,42252605.9200,1.388400,1,3.738300,9.789152,1.299182,1.427919,-7.635469,0
2024-03-01,sh.603339,16.1401332200,16.3968351400,15.9636506500,16.2845280500,16.0278261300,5201830,52436807.7400,1.681000,1,1.601600,9.945936,1.319990,1.450789,-7.757759,0
2024-03-04,sh.603339,16.2845280500,16.4930983600,16.1240893500,16.4128790100,16.2845280500,4289944,43638192.2800,1.386400,1,0.788200,10.024327,1.330394,1.462224,-7.818904,0
2024-03-05,sh.603339,16.4289228800,16.4289228800,15.9957383900,16.0599138700,16.4128790100,3398100,34294151.0000,1.098100,1,-2.150500,9.808750,1.301783,1.430778,-7.650755,0
2024-03-06,sh.603339,16.1722209600,16.4610106200,16.0599138700,16.3005719200,16.0599138700,2951948,30000829.4000,0.954000,1,1.498500,9.955735,1.321291,1.452218,-7.765402,0
2024-03-07,sh.603339,16.3807912700,17.1188092900,16.3807912700,16.5091422300,16.3005719200,4997912,51994305.6800,1.615100,1,1.279500,10.083121,1.338197,1.470800,-7.864763,0
2024-03-08,sh.603339,16.4930983600,16.7818880200,16.4128790100,16.7016686700,16.5091422300,3450356,35767612.9200,1.115000,1,1.166200,10.200708,1.353803,1.487952,-7.956480,0
2024-03-11,sh.603339,16.6856248000,16.8460635000,16.5572738400,16.8300196300,16.7016686700,2830460,29535865.7800,0.914700,1,0.768500,10.279100,1.364207,1.499387,-8.017625,0
2024-03-12,sh.603339,16.9102389800,16.9904583300,16.6214493200,16.7979318900,16.8300196300,3203444,33487479.1800,1.035200,1,-0.190700,10.259502,1.361606,1.496528,-8.002339,0
2024-03-13,sh.603339,16.8460635000,16.9102389800,16.6695809300,16.7818880200,16.7979318900,2399850,25086746.0000,0.775500,1,-0.095500,10.249703,1.360305,1.495099,-7.994696,0
2024-03-14,sh.603339,16.7818880200,16.9102389800,16.5251861000,16.7658441500,16.7818880200,2786796,29098516.1600,0.900600,1,-0.095600,10.239904,1.359005,1.493669,-7.987052,0
2024-03-15,sh.603339,16.7818880200,16.9904583300,16.6535370600,16.9744144600,16.7658441500,2472586,25947979.1800,0.799000,1,1.244000,10.367290,1.375911,1.512251,-8.086413,0
2024-03-18,sh.603339,17.1027654200,17.3434234700,16.8460635000,17.2952918600,16.9744144600,4469049,47572369.8400,1.444200,1,1.890400,10.563270,1.401921,1.540838,-8.239275,0
2024-03-19,sh.603339,17.2952918600,17.4717744300,17.1348531600,17.2471602500,17.2952918600,3026520,32610045.2800,0.978100,1,-0.278300,10.533873,1.398019,1.536550,-8.216346,0
2024-03-20,sh.603339,17.2471602500,17.4075989500,17.2150725100,17.3915550800,17.2471602500,2439956,26317247.3200,0.788500,1,0.837200,10.622063,1.409723,1.549414,-8.285134,0
2024-03-21,sh.603339,17.3273796000,17.5519937800,17.1990286400,17.4717744300,17.3915550800,2570992,27897118.2000,0.830800,1,0.461300,10.671058,1.416226,1.556561,-8.323349,0
2024-03-22,sh.603339,17.4717744300,18.2739679300,17.1669409000,17.8568273100,17.4717744300,9974112,111065947.2100,3.223300,1,2.203900,10.906233,1.447437,1.590865,-8.506784,0
2024-03-25,sh.603339,17.6963886100,18.3220995400,17.2471602500,17.2471602500,17.8568273100,12150377,134027105.4100,3.926600,1,-3.414200,10.533873,1.398019,1.536550,-8.216346,0
2024-03-26,sh.603339,17.1669409000,17.4075989500,16.7498002800,17.0385899400,17.2471602500,6733180,71300906.7800,2.175900,1,-1.209300,10.406486,1.381113,1.517968,-8.116985,0
2024-03-27,sh.603339,17.0385899400,17.2952918600,16.7016686700,16.7818880200,17.0385899400,4081202,43053153.0500,1.318900,1,-1.506600,10.249703,1.360305,1.495099,-7.994696,0
2024-03-28,sh.603339,17.3273796000,18.4344066300,17.3273796000,17.7605640900,16.7818880200,12224802,135524839.6200,3.950600,1,5.831700,10.268422,1.383501,1.537051,6.619415,0
2024-03-29,sh.603339,17.6482570000,17.8889150500,17.4075989500,17.6963886100,17.7605640900,7244072,79746906.4400,2.341000,1,-0.361300,10.231318,1.378502,1.531497,6.595496,0
2024-04-01,sh.603339,17.7766079600,18.4344066300,17.7284763500,18.3702311500,17.6963886100,7133213,80436589.5600,2.305200,1,3.807800,10.620906,1.430992,1.589813,6.846639,0
2024-04-02,sh.603339,18.2900118000,18.5146259800,18.0814414900,18.3862750200,18.3702311500,4318690,49287585.9500,1.395600,1,0.087300,10.630182,1.432242,1.591202,6.852619,0
2024-04-03,sh.603339,18.3702311500,18.5627575900,18.1937485800,18.3381434100,18.3862750200,3459261,39541505.5500,1.117900,1,-0.261800,10.602354,1.428493,1.587036,6.834680,0
2024-04-08,sh.603339,18.2097924500,18.4504505000,17.9851782700,18.0012221400,18.3381434100,4052240,45900978.3000,1.309500,1,-1.837300,10.407560,1.402247,1.557878,6.709109,0
2024-04-09,sh.603339,17.9530905300,18.1777047100,17.7284763500,18.0974853600,18.0012221400,4024700,45167080.8500,1.300600,1,0.534800,10.463215,1.409746,1.566209,6.744986,0
2024-04-10,sh.603339,18.1295731000,18.1777047100,17.5199060400,17.6803447400,18.0974853600,3313500,36721974.0000,1.070800,1,-2.305000,10.222042,1.377252,1.530109,6.589517,0
2024-04-11,sh.603339,17.6963886100,17.9370466600,17.4075989500,17.5199060400,17.6803447400,4281524,47295834.4600,1.383600,1,-0.907400,10.129283,1.364754,1.516224,6.529721,0
2024-04-12,sh.603339,17.5680376500,17.8247395700,17.5199060400,17.5359499100,17.5199060400,3402892,37559844.3600,1.099700,1,0.091600,10.138559,1.366004,1.517612,6.535700,0
2024-04-15,sh.603339,17.6482570000,17.8889150500,17.0225460700,17.3915550800,17.5359499100,5018128,54382869.9200,1.621700,1,-0.823400,10.055076,1.354756,1.505116,6.481884,0
2024-04-16,sh.603339,17.1348531600,17.2311163800,16.5893615800,16.7337564100,17.3915550800,5677141,59624302.6800,1.834600,1,-3.782300,9.674764,1.303515,1.448188,6.236720,0
2024-04-17,sh.603339,16.7658441500,17.8889150500,16.7658441500,17.5519937800,16.7337564100,4611412,50071858.8000,1.490200,1,4.889700,10.147835,1.367254,1.519001,6.541680,0
2024-04-18,sh.603339,17.6482570000,17.9049589200,17.3434234700,17.6322131300,17.5519937800,4036900,44488459.0000,1.304600,1,0.457000,10.194214,1.373503,1.525943,6.571578,0
2024-04-19,sh.603339,17.5519937800,17.9530905300,17.4236428200,17.9049589200,17.6322131300,4245214,47134284.7200,1.371900,1,1.546900,10.351905,1.394749,1.549547,6.673231,0
2024-04-22,sh.603339,17.8568273100,18.1135292300,17.7445202200,17.9370466600,17.9049589200,3547272,39653488.7200,1.146300,1,0.179200,10.370456,1.397248,1.552324,6.685190,0
2024-04-23,sh.603339,17.6161692600,17.8086957000,17.4236428200,17.5359499100,17.9370466600,3622238,39709887.8200,1.170600,1,-2.236100,10.138559,1.366004,1.517612,6.535700,0
2024-04-24,sh.603339,17.3755112100,17.7766079600,17.3273796000,17.7445202200,17.5359499100,2861649,31418308.4500,0.924800,1,1.189400,10.259146,1.382251,1.535663,6.613435,0
2024-04-25,sh.603339,17.7445202200,17.9210027900,17.6161692600,17.7124324800,17.7445202200,3406640,37788485.1200,1.100900,1,-0.180800,10.240594,1.379751,1.532886,6.601476,0
2024-04-26,sh.603339,16.5572738400,16.7979318900,16.0599138700,16.5893615800,17.7124324800,11020325,113431348.7500,3.561400,1,-6.340600,10.357400,1.269357,1.493897,23.671035,0
2024-04-29,sh.603339,16.5091422300,16.6856248000,16.3807912700,16.5733177100,16.5893615800,6574379,67847455.9500,2.124600,1,-0.096700,10.347383,1.268129,1.492453,23.648142,0
2024-04-30,sh.603339,16.5733177100,16.6695809300,16.4128790100,16.4770544900,16.5733177100,4213392,43365547.7600,1.361600,1,-0.580800,10.287282,1.260764,1.483784,23.510786,0
2024-05-06,sh.603339,16.6214493200,16.8621073700,16.4770544900,16.8460635000,16.4770544900,7462565,77603162.7700,2.411600,1,2.239500,10.517669,1.288999,1.517014,24.037318,0
2024-05-07,sh.603339,16.8139757600,17.1027654200,16.7177125400,17.1027654200,16.8460635000,3797628,40192728.1600,1.227300,1,1.523800,10.677938,1.308641,1.540130,24.403600,0
2024-05-08,sh.603339,17.1027654200,17.1348531600,16.6695809300,16.7177125400,17.1027654200,3693898,38707753.5600,1.193700,1,-2.251400,10.437535,1.279178,1.505456,23.854176,0
2024-05-09,sh.603339,16.6695809300,17.1508970300,16.6695809300,17.1508970300,16.7177125400,3839095,40768907.9600,1.240700,1,2.591200,10.707989,1.312323,1.544465,24.472278,0
2024-05-10,sh.603339,17.1508970300,17.2632041200,16.8781512400,16.9102389800,17.1508970300,2533912,26793292.9600,0.818900,1,-1.403200,10.557737,1.293909,1.522793,24.128888,0
2024-05-13,sh.603339,16.8300196300,16.8300196300,16.5091422300,16.6535370600,16.9102389800,2711760,28165826.8800,0.876300,1,-1.518000,10.397467,1.274267,1.499677,23.762605,0
2024-05-14,sh.603339,16.6856248000,17.0385899400,16.6856248000,16.9102389800,16.6535370600,2448703,25753687.5700,0.791300,1,1.541400,10.557737,1.293909,1.522793,24.128888,0
2024-05-15,sh.603339,16.9423267200,17.0385899400,16.6535370600,16.7818880200,16.9102389800,1615526,16980065.1800,0.522100,1,-0.759000,10.477602,1.284088,1.511235,23.945747,0
2024-05-16,sh.603339,16.7016686700,16.9423267200,16.6054054500,16.6535370600,16.7818880200,2336580,24412539.3600,0.755100,1,-0.764800,10.397467,1.274267,1.499677,23.762605,0
2024-05-17,sh.603339,16.6535370600,16.7337564100,16.5251861000,16.7177125400,16.6535370600,1897604,19677870.2400,0.613200,1,0.385400,10.437535,1.279178,1.505456,23.854176,0
2024-05-20,sh.603339,16.6856248000,16.8460635000,16.6695809300,16.7818880200,16.7177125400,1907236,19952393.2000,0.616300,1,0.383900,10.477602,1.284088,1.511235,23.945747,0
2024-05-21,sh.603339,16.7658441500,16.7658441500,16.2363964400,16.3005719200,16.7818880200,3614688,36938122.3600,1.168100,1,-2.868100,10.177097,1.247260,1.467891,23.258966,0
2024-05-22,sh.603339,16.3326596600,16.4930983600,16.2363964400,16.3005719200,16.3005719200,1609849,16393110.4400,0.520200,1,0.000000,10.177097,1.247260,1.467891,23.258966,0
2024-05-23,sh.603339,16.3647474000,16.3647474000,15.8352996900,15.8673874300,16.3005719200,2950072,29484779.6800,0.953400,1,-2.657500,9.906643,1.214114,1.428883,22.640864,0
2024-05-24,sh.603339,15.8513435600,16.0759577400,15.8192558200,15.8834313000,15.8673874300,1765248,17554078.5600,0.570500,1,0.101100,9.916660,1.215342,1.430327,22.663757,0
2024-05-27,sh.603339,15.8834313000,15.9796945200,15.6909048600,15.9636506500,15.8834313000,1855048,18322406.6800,0.599500,1,0.505100,9.966744,1.221480,1.437551,22.778220,0
2024-05-28,sh.603339,15.9476067800,16.0117822600,15.8032119500,15.8192558200,15.9636506500,1411992,13976328.8000,0.456300,1,-0.904500,9.876592,1.210431,1.424548,22.572186,0
2024-05-29,sh.603339,15.8192558200,15.9796945200,15.7390364700,15.8513435600,15.8192558200,1464100,14485542.0000,0.473100,1,0.202800,9.896626,1.212886,1.427438,22.617971,0
2024-05-30,sh.603339,15.8673874300,16.0278261300,15.7550803400,15.9636506500,15.8513435600,1836636,18204417.9600,0.593500,1,0.708500,9.966744,1.221480,1.437551,22.778220,0
2024-05-31,sh.603339,15.9796945200,16.2043087000,15.8994751700,16.0920016100,15.9636506500,1659570,16601127.8000,0.536300,1,0.804000,10.046878,1.231301,1.449109,22.961361,0
2024-06-03,sh.603339,16.1240893500,16.1240893500,15.4181590700,15.5465100300,16.0920016100,2778648,27159794.3600,0.898000,1,-3.389800,9.706306,1.189562,1.399987,22.183010,0
2024-06-04,sh.603339,15.5625539000,15.6106855100,15.1614571500,15.4662906800,15.5465100300,2551376,24434558.0800,0.824500,1,-0.516000,9.656222,1.183424,1.392763,22.068547,0
2024-06-05,sh.603339,15.4342029400,15.7390364700,15.2256326300,15.2416765000,15.4662906800,2113520,20410718.6400,0.683000,1,-1.452300,9.515986,1.166237,1.372536,21.748049,0
2024-06-06,sh.603339,15.2416765000,15.3860713300,14.7603604000,14.8245358800,15.2416765000,2662881,24779366.2000,0.860500,1,-2.736800,9.255549,1.134319,1.334972,21.152839,0
2024-06-07,sh.603339,14.8566236200,15.1935448900,14.8566236200,15.1454132800,14.8245358800,1965632,18451382.4000,0.635200,1,2.164500,9.455885,1.158871,1.363868,21.610693,0
2024-06-11,sh.603339,15.1614571500,15.1775010200,14.8726674900,15.0972816700,15.1454132800,2101306,19664459.4200,0.679100,1,-0.317800,9.425835,1.155188,1.359533,21.542015,0
2024-06-12,sh.603339,15.1454132800,15.4342029400,15.0651939300,15.3860713300,15.0972816700,1231550,11763044.6400,0.398000,1,1.912900,9.606138,1.177286,1.385539,21.954083,0
2024-06-13,sh.603339,15.4662906800,15.4823345500,15.2416765000,15.2737642400,15.3860713300,917392,8750569.5200,0.296500,1,-0.729900,9.536020,1.168692,1.375426,21.793835,0
2024-06-14,sh.603339,15.3379397200,15.3379397200,15.0812378000,15.1614571500,15.2737642400,1597917,15080686.4800,0.516400,1,-0.735300,9.465902,1.160099,1.365312,21.633586,0
2024-06-17,sh.603339,15.1614571500,15.3700274600,15.0491500600,15.2416765000,15.1614571500,1526944,14484973.5600,0.493500,1,0.529100,9.515986,1.166237,1.372536,21.748049,0
2024-06-18,sh.603339,15.2581710000,15.5056008000,15.1921897200,15.4396195200,15.2416756800,1665646,15513090.3200,0.538300,1,1.298700,9.375751,1.149050,1.352309,21.427552,0
2024-06-19,sh.603339,15.4396195200,15.5385914400,15.3901335600,15.3901335600,15.4396195200,1075708,10076593.5600,0.347600,1,-0.320500,9.345700,1.145367,1.347975,21.358874,0
2024-06-20,sh.603339,15.2746663200,15.4561148400,15.1262084400,15.1591990800,15.3901335600,1275100,11795829.0000,0.412100,1,-1.500500,9.205465,1.128181,1.327748,21.038376,0
2024-06-21,sh.603339,15.2251803600,15.3241522800,15.0107412000,15.2086850400,15.1591990800,867410,7999768.3000,0.280300,1,0.326400,9.235515,1.131864,1.332083,21.107054,0
2024-06-24,sh.603339,15.1427037600,15.1591990800,14.6808348000,14.6973301200,15.2086850400,1554140,13987740.6000,0.502200,1,-3.362300,8.924994,1.093808,1.287295,20.397381,0
2024-06-25,sh.603339,14.6973301200,14.9612552400,14.5158816000,14.6808348000,14.6973301200,1551096,13885723.6400,0.501300,1,-0.112200,8.914977,1.092580,1.285850,20.374488,0
2024-06-26,sh.603339,14.7138254400,15.0602271600,14.5818628800,15.0437318400,14.6808348000,1055500,9491677.0000,0.341100,1,2.471900,9.135347,1.119587,1.317635,20.878127,0
2024-06-27,sh.603339,14.9117692800,15.1097131200,14.7303207600,14.7303207600,15.0437318400,1093400,9896349.0000,0.353300,1,-2.083300,8.945027,1.096263,1.290184,20.443166,0
2024-06-28,sh.603339,14.7468160800,15.1097131200,14.6973301200,14.9612552400,14.7303207600,1440882,13109233.2800,0.465600,1,1.567700,9.085263,1.113449,1.310411,20.763664,0
2024-07-01,sh.603339,15.0602271600,15.0602271600,14.8457880000,14.9942458800,14.9612552400,1231500,11176930.0000,0.398000,1,0.220500,9.105296,1.115905,1.313301,20.809449,0
2024-07-02,sh.603339,15.0437318400,15.1591990800,14.9447599200,15.1097131200,14.9942458800,1291800,11813264.0000,0.417500,1,0.770100,9.175414,1.124498,1.323414,20.969698,0
2024-07-03,sh.603339,15.1427037600,15.1921897200,14.9942458800,15.0107412000,15.1097131200,1002276,9166370.8400,0.323900,1,-0.655000,9.115313,1.117132,1.314745,20.832342,0
2024-07-04,sh.603339,15.0107412000,15.2581710000,14.8622833200,14.9777505600,15.0107412000,1849716,16887563.7200,0.597800,1,-0.219800,9.095280,1.114677,1.311856,20.786556,0
2024-07-05,sh.603339,14.9447599200,15.2086850400,14.8622833200,15.0767224800,14.9777505600,1879416,17165006.2800,0.607400,1,0.660800,9.155381,1.122043,1.320524,20.923913,0
2024-07-08,sh.603339,15.0437318400,15.0932178000,14.6643394800,14.7633114000,15.0767224800,1636904,14718682.6400,0.529000,1,-2.078800,8.965061,1.098718,1.293074,20.488952,0
2024-07-09,sh.603339,14.7468160800,15.1097131200,14.6148535200,15.0272365200,14.7633114000,2181700,19742585.0000,0.705000,1,1.787700,9.125330,1.118360,1.316190,20.855235,0
2024-07-10,sh.603339,15.3571429200,16.3303668000,15.3571429200,15.9344791200,15.0272365200,9473593,91406724.5100,3.061500,1,6.037300,9.676256,1.185879,1.395653,22.114332,0
2024-07-11,sh.603339,15.6705540000,16.0994323200,15.5220961200,15.9509744400,15.9344791200,6554033,63014757.9200,2.118000,1,0.103500,9.686272,1.187106,1.397098,22.137225,0
2024-07-12,sh.603339,15.8190118800,17.1881234400,15.6375633600,16.5942919200,15.9509744400,10517304,105245305.0400,3.398800,1,4.033100,10.076929,1.234984,1.453444,23.030039,0
2024-07-15,sh.603339,16.3138714800,16.4788246800,15.9344791200,16.0169557200,16.5942919200,5760903,56176817.7500,1.861700,1,-3.479100,9.726340,1.192017,1.402877,22.228796,0
2024-07-16,sh.603339,15.9014884800,15.9344791200,15.5056008000,15.7695259200,16.0169557200,3522812,33523253.3200,1.138400,1,-1.544800,9.576087,1.173603,1.381205,21.885405,0
2024-07-17,sh.603339,15.8355072000,15.8355072000,15.2581710000,15.3241522800,15.7695259200,2982800,27911398.0000,0.963900,1,-2.824300,9.305633,1.140457,1.342196,21.267303,0
2024-07-18,sh.603339,15.2416756800,15.3076569600,14.9612552400,15.1591990800,15.3241522800,2895756,26587874.3600,0.935800,1,-1.076400,9.205465,1.128181,1.327748,21.038376,0
2024-07-19,sh.603339,14.9942458800,15.3406476000,14.9942458800,15.1921897200,15.1591990800,1703364,15732283.6000,0.550500,1,0.217600,9.225498,1.130636,1.330638,21.084161,0
2024-07-22,sh.603339,15.1921897200,15.2911616400,15.0932178000,15.1921897200,15.1921897200,1313753,12086969.6000,0.424600,1,0.000000,9.225498,1.130636,1.330638,21.084161,0
2024-07-23,sh.603339,15.2086850400,15.2416756800,14.8787786400,14.9777505600,15.1921897200,2128473,19370825.5800,0.687800,1,-1.411500,9.095280,1.114677,1.311856,20.786556,0
2024-07-24,sh.603339,14.9282646000,15.0932178000,14.8622833200,14.8787786400,14.9777505600,1769623,16020642.2900,0.571900,1,-0.660800,9.035179,1.107311,1.303187,20.649200,0
2024-07-25,sh.603339,14.7633114000,15.2251803600,14.7633114000,14.9777505600,14.8787786400,1439800,13115205.5600,0.465300,1,0.665200,9.095280,1.114677,1.311856,20.786556,0
2024-07-26,sh.603339,15.0767224800,15.1756944000,14.9942458800,15.1591990800,14.9777505600,1244532,11414795.1200,0.402200,1,1.211500,9.205465,1.128181,1.327748,21.038376,0
2024-07-29,sh.603339,15.2251803600,15.2416756800,15.0767224800,15.0932178000,15.1591990800,932380,8551345.4000,0.301300,1,-0.435300,9.165397,1.123270,1.321969,20.946805,0
2024-07-30,sh.603339,15.0107412000,15.1427037600,14.9942458800,15.1262084400,15.0932178000,906720,8291592.0000,0.293000,1,0.218600,9.185431,1.125726,1.324859,20.992591,0
2024-07-31,sh.603339,15.0932178000,15.8849931600,15.0932178000,15.7530306000,15.1262084400,3667766,34497256.9400,1.185300,1,4.143900,9.566071,1.172375,1.379760,21.862513,0
2024-08-01,sh.603339,15.6870493200,16.1654136000,15.6375633600,15.9839650800,15.7530306000,2919012,28118468.7600,0.943300,1,1.466000,9.706306,1.189562,1.399987,22.183010,0
2024-08-02,sh.603339,15.9509744400,15.9509744400,15.7035446400,15.7695259200,15.9839650800,1989500,19091025.6000,0.642900,1,-1.341600,9.576087,1.173603,1.381205,21.885405,0
2024-08-05,sh.603339,15.7695259200,16.0334510400,15.5385914400,15.6045727200,15.7695259200,1893323,18119363.3000,0.611900,1,-1.046000,9.475919,1.161326,1.366757,21.656478,0
2024-08-06,sh.603339,15.7200399600,15.8520025200,15.5220961200,15.8190118800,15.6045727200,1598272,15243940.4800,0.516500,1,1.374200,9.606138,1.177286,1.385539,21.954083,0
2024-08-07,sh.603339,15.7365352800,16.1159276400,15.7200399600,15.8684978400,15.8190118800,1985624,19117633.4000,0.641700,1,0.312800,9.636188,1.180968,1.389874,22.022761,0
2024-08-08,sh.603339,15.7200399600,16.0169557200,15.7035446400,15.9179838000,15.8684978400,2456508,23623233.0000,0.793900,1,0.311900,9.939549,1.199947,1.374054,14.025051,0
2024-08-09,sh.603339,16.0004604000,16.1324229600,15.8355072000,15.9179838000,15.9179838000,1819444,17610226.4800,0.588000,1,0.000000,9.939549,1.199947,1.374054,14.025051,0
2024-08-12,sh.603339,15.8849931600,16.0334510400,15.7860212400,15.8684978400,15.9179838000,1138044,10951028.8400,0.367800,1,-0.310900,9.908649,1.196217,1.369782,13.981450,0
2024-08-13,sh.603339,15.8355072000,16.1159276400,15.7035446400,16.1159276400,15.8684978400,1726936,16696476.2000,0.558100,1,1.559300,10.063150,1.214869,1.391140,14.199456,0
2024-08-14,sh.603339,16.0004604000,16.1489182800,15.9509744400,16.0334510400,16.1159276400,1002712,9743727.2800,0.324000,1,-0.511800,10.011650,1.208652,1.384021,14.126787,0
2024-08-15,sh.603339,16.0334510400,16.0664416800,15.8520025200,15.8684978400,16.0334510400,1573424,15218403.8800,0.508500,1,-1.028800,9.908649,1.196217,1.369782,13.981450,0
2024-08-16,sh.603339,15.9179838000,15.9179838000,15.6705540000,15.7035446400,15.8684978400,1292296,12347906.0000,0.417600,1,-1.039500,9.805648,1.183782,1.355543,13.836112,0
2024-08-19,sh.603339,15.7365352800,15.8355072000,15.5715820800,15.6870493200,15.7035446400,884692,8433302.3200,0.285900,1,-0.105000,9.795348,1.182539,1.354119,13.821579,0
2024-08-20,sh.603339,15.6870493200,15.7200399600,15.2416756800,15.3406476000,15.6870493200,1171648,10937639.9200,0.378600,1,-2.208200,9.579047,1.156426,1.324217,13.516370,0
2024-08-21,sh.603339,15.3571429200,15.4396195200,15.2251803600,15.3241522800,15.3406476000,1166020,10858894.8000,0.376800,1,-0.107500,9.568747,1.155182,1.322794,13.501837,0
2024-08-22,sh.603339,15.3406476000,15.4066288800,15.1427037600,15.1591990800,15.3241522800,1131992,10470051.5600,0.365800,1,-1.076400,9.465747,1.142748,1.308555,13.356499,0
2024-08-23,sh.603339,15.1591990800,15.2581710000,15.0602271600,15.1097131200,15.1591990800,972140,8913850.6000,0.314200,1,-0.326400,9.434847,1.139017,1.304283,13.312898,0
2024-08-26,sh.603339,15.1097131200,15.3076569600,15.0932178000,15.2911616400,15.1097131200,1095096,10117719.2000,0.353900,1,1.200900,9.548147,1.152696,1.319946,13.472769,0
2024-08-27,sh.603339,15.2416756800,15.3076569600,15.1427037600,15.1756944000,15.2911616400,639548,5895489.1600,0.206700,1,-0.755100,9.476047,1.143991,1.309979,13.371033,0
2024-08-28,sh.603339,15.2581710000,15.2581710000,15.0767224800,15.1427037600,15.1756944000,836856,7697036.0800,0.270400,1,-0.217400,9.455447,1.141504,1.307131,13.341966,0
2024-08-29,sh.603339,15.0602271600,15.4396195200,15.0602271600,15.3406476000,15.1427037600,1511739,14016752.9800,0.488500,1,1.307200,9.579047,1.156426,1.324217,13.516370,0
2024-08-30,sh.603339,15.3736382400,15.7365352800,15.3571429200,15.5385914400,15.3406476000,1920861,18102919.5000,0.620800,1,1.290300,9.702648,1.171348,1.341304,13.690775,0
2024-09-02,sh.603339,15.4396195200,15.6705540000,15.4396195200,15.5550867600,15.5385914400,1143720,10809448.8000,0.369600,1,0.106200,9.712948,1.172591,1.342728,13.705309,0
2024-09-03,sh.603339,15.4396195200,15.6540586800,15.4396195200,15.6045727200,15.5550867600,981107,9270710.6000,0.317100,1,0.318100,9.743848,1.176321,1.347000,13.748910,0
2024-09-04,sh.603339,15.5880774000,15.7035446400,15.5220961200,15.5880774000,15.6045727200,1316376,12452915.6800,0.425400,1,-0.105700,9.733548,1.175078,1.345576,13.734376,0
2024-09-05,sh.603339,15.6375633600,15.8684978400,15.6210680400,15.8520025200,15.5880774000,1343268,12843809.9600,0.434100,1,1.693100,9.898349,1.194973,1.368358,13.966916,0
2024-09-06,sh.603339,15.8684978400,16.0004604000,15.6375633600,15.6540586800,15.8520025200,1674900,16118322.0000,0.541300,1,-1.248700,9.774748,1.180052,1.351271,13.792511,0
2024-09-09,sh.603339,15.6375633600,15.7365352800,15.5056008000,15.6210680400,15.6540586800,996700,9431110.1600,0.322100,1,-0.210700,9.754148,1.177565,1.348424,13.763444,0
2024-09-10,sh.603339,15.5385914400,15.8025165600,15.5385914400,15.7695259200,15.6210680400,1030100,9784889.0000,0.332900,1,0.950400,9.846849,1.188756,1.361239,13.894247,0
2024-09-11,sh.603339,15.7365352800,15.9509744400,15.6705540000,15.8355072000,15.7695259200,881692,8463178.3600,0.284900,1,0.418400,9.888049,1.193730,1.366934,13.952382,0
2024-09-12,sh.603339,15.8355072000,15.9839650800,15.7035446400,15.7530306000,15.8355072000,883548,8477377.8800,0.285500,1,-0.520800,9.836549,1.187513,1.359815,13.879714,0
2024-09-13,sh.603339,15.8520025200,15.8520025200,15.3241522800,15.3736382400,15.7530306000,1141600,10732353.0000,0.368900,1,-2.408400,9.599647,1.158913,1.327065,13.545438,0
2024-09-18,sh.603339,15.3736382400,15.5385914400,15.2416756800,15.4726101600,15.3736382400,1097200,10221535.0000,0.354600,1,0.643800,9.661448,1.166374,1.335609,13.632640,0
2024-09-19,sh.603339,15.5715820800,15.7035446400,15.4066288800,15.6705540000,15.4726101600,957800,9052027.0000,0.309500,1,1.279300,9.785048,1.181295,1.352695,13.807045,0
2024-09-20,sh.603339,15.6870493200,15.6870493200,15.2746663200,15.4396195200,15.6705540000,1264800,11868408.0000,0.408700,1,-1.473700,9.640848,1.163887,1.332761,13.603573,0
2024-09-23,sh.603339,15.4231242000,15.6375633600,15.3406476000,15.5385914400,15.4396195200,1041292,9811132.9200,0.336500,1,0.641000,9.702648,1.171348,1.341304,13.690775,0
2024-09-24,sh.603339,15.6375633600,15.9179838000,15.5385914400,15.8849931600,15.5385914400,2362108,22606922.1600,0.763300,1,2.229300,9.918949,1.197460,1.371206,13.995983,0
2024-09-25,sh.603339,15.9509744400,16.2808808400,15.9509744400,16.0169557200,15.8849931600,2389636,23351036.5600,0.772200,1,0.830700,10.001349,1.207408,1.382597,14.112253,0
2024-09-26,sh.603339,15.9674697600,16.2973761600,15.8520025200,16.2808808400,16.0169557200,2350824,23011012.8400,0.759700,1,1.647800,10.166150,1.227304,1.405379,14.344793,0
2024-09-27,sh.603339,16.3303668000,17.0066749200,16.3303668000,16.8912076800,16.2808808400,2543412,25586527.3600,0.821900,1,3.748700,10.547252,1.273312,1.458063,14.882541,0
2024-09-30,sh.603339,17.4520485600,18.3263005200,16.9901796000,18.1778426400,16.8912076800,10228503,109814084.0500,3.305500,1,7.617200,11.350656,1.370303,1.569126,16.016172,0
2024-10-08,sh.603339,19.8108793200,19.8933559200,18.2273286000,19.0026086400,18.1778426400,11393424,131382513.5100,3.681900,1,4.537200,11.865659,1.432476,1.640321,16.742859,0
2024-10-09,sh.603339,18.8046648000,18.8046648000,17.4190579200,17.4520485600,19.0026086400,7055622,76922163.5200,2.280100,1,-8.159700,10.897454,1.315590,1.506475,15.376688,0
2024-10-10,sh.603339,18.4417677600,18.4417677600,17.4850392000,17.8479362400,17.4520485600,3972168,43202283.8600,1.283700,1,2.268400,11.144655,1.345433,1.540649,15.725497,0
2024-10-11,sh.603339,17.8644315600,17.8809268800,17.2376094000,17.4025626000,17.8479362400,3162912,33520709.8800,1.022100,1,-2.495400,10.866554,1.311859,1.502204,15.333087,0
2024-10-14,sh.603339,17.4685438800,17.6005064400,17.1551328000,17.5015345200,17.4025626000,2837756,29958892.6800,0.917100,1,0.568700,10.928354,1.319320,1.510747,15.420289,0
2024-10-15,sh.603339,17.5015345200,17.5180298400,17.0396655600,17.0891515200,17.5015345200,2737488,28728573.2800,0.884700,1,-2.356300,10.670853,1.288234,1.475150,15.056946,0
2024-10-16,sh.603339,17.0891515200,17.3200860000,16.9571889600,17.2046187600,17.0891515200,2388432,24858018.2400,0.771900,1,0.675700,10.742953,1.296938,1.485117,15.158682,0
2024-10-17,sh.603339,17.3530766400,17.4520485600,16.8417217200,16.8747123600,17.2046187600,2666956,27622621.7600,0.861900,1,-1.917500,10.536952,1.272069,1.456639,14.868007,0
2024-10-18,sh.603339,16.8252264000,18.5572350000,16.8087310800,18.5572350000,16.8747123600,11094538,121792103.0100,3.585300,1,9.970700,11.587557,1.398902,1.601876,16.350448,0
2024-10-21,sh.603339,19.1015805600,19.9593372000,18.5077490400,18.8211601200,18.5572350000,19808796,230289264.3700,6.401500,1,1.422200,11.752358,1.418798,1.624658,16.582988,0
2024-10-22,sh.603339,18.7221882000,18.7551788400,18.0128894400,18.1283566800,18.8211601200,10227098,113205694.8400,3.305000,1,-3.681000,11.319756,1.366572,1.564855,15.972571,0
2024-10-23,sh.603339,17.9469081600,18.7386835200,17.8809268800,18.2933098800,18.1283566800,7720692,85901016.8400,2.495000,1,0.909900,11.422756,1.379007,1.579094,16.117908,0
2024-10-24,sh.603339,18.2273286000,18.2273286000,17.9469081600,18.1943379600,18.2933098800,3827259,41905702.2100,1.236800,1,-0.541000,11.360956,1.371546,1.570550,16.030706,0
2024-10-25,sh.603339,18.1283566800,18.3592911600,18.0623754000,18.2603192400,18.1943379600,3557444,39295591.0400,1.149600,1,0.362600,11.402156,1.376520,1.576246,16.088841,0
2024-10-28,sh.603339,18.3263005200,18.5572350000,18.1448520000,18.4417677600,18.2603192400,4084868,45534021.3600,1.320100,1,0.993700,11.515457,1.390198,1.591909,16.248712,0
2024-10-29,sh.603339,18.4417677600,18.5242443600,18.0458800800,18.0953660400,18.4417677600,3066816,33870144.3600,0.991100,1,-1.878400,11.299156,1.364085,1.562007,15.943503,0
2024-10-30,sh.603339,17.7489643200,19.9098512400,17.7489643200,19.9098512400,18.0953660400,23390934,276397271.4800,7.559100,1,10.027300,13.843138,1.482896,1.840036,21.998467,0
2024-10-31,sh.603339,20.9160657600,21.9057849600,20.6191500000,21.9057849600,19.9098512400,34133734,446045951.1600,11.030800,1,10.024900,15.230892,1.631555,2.024497,24.203782,0
2024-11-01,sh.603339,22.8955041600,24.0996625200,21.8068130400,22.0707381600,21.9057849600,48375121,673461242.7000,15.633100,1,0.753000,15.345582,1.643840,2.039742,24.386039,0
2024-11-04,sh.603339,20.9820470400,24.2811110400,20.9820470400,24.2811110400,22.0707381600,43187251,605427160.0100,13.956500,1,10.014900,16.882434,1.808470,2.244021,26.828288,0
2024-11-05,sh.603339,24.7429800000,25.3038208800,23.0274667200,23.5223263200,24.2811110400,39074393,567899766.2400,12.627400,1,-3.125000,16.354858,1.751955,2.173895,25.989904,0
2024-11-06,sh.603339,24.8419519200,25.2873255600,23.5223263200,24.3965782800,23.5223263200,42183261,631726857.1100,13.632100,1,3.716700,16.962718,1.817070,2.254692,26.955868,0
2024-11-07,sh.603339,23.8357374000,23.9347093200,22.2686820000,23.6377935600,24.3965782800,19222398,271481621.3400,6.212000,1,-3.110200,16.435142,1.760555,2.184566,26.117484,0
2024-11-08,sh.603339,23.2748965200,24.0006906000,22.6315790400,22.7635416000,23.6377935600,17464191,245735912.5100,5.643800,1,-3.698500,15.827282,1.695441,2.103769,25.151520,0
2024-11-11,sh.603339,22.7635416000,23.5058310000,22.4171398800,23.3573731200,22.7635416000,13435275,186846827.7800,4.341800,1,2.608700,16.240168,1.739670,2.158650,25.807647,0
2024-11-12,sh.603339,23.1759246000,23.2419058800,22.4171398800,22.6315790400,23.3573731200,9745322,135102972.2400,3.149300,1,-3.107300,15.735530,1.685612,2.091574,25.005714,0
2024-11-13,sh.603339,22.7635416000,23.1759246000,22.0707381600,22.7470462800,22.6315790400,7950408,109100635.8400,2.569300,1,0.510200,15.815813,1.694212,2.102245,25.133294,0
2024-11-14,sh.603339,22.7470462800,22.7635416000,21.8727943200,22.1037288000,22.7470462800,6657524,89534146.7400,2.151500,1,-2.828100,15.368521,1.646297,2.042791,24.422491,0
2024-11-15,sh.603339,21.9222802800,22.6645696800,21.5923738800,22.0707381600,22.1037288000,5769300,77719263.4000,1.864400,1,-0.149300,15.345582,1.643840,2.039742,24.386039,0
2024-11-18,sh.603339,22.4336352000,22.5326071200,21.3779347200,21.4274206800,22.0707381600,5325788,70375401.4800,1.721100,1,-2.914800,14.898290,1.595926,1.980287,23.675235,0
2024-11-19,sh.603339,22.0707381600,22.1367194400,20.9490564000,21.6088692000,21.4274206800,6256101,81341949.9400,2.021700,1,0.846800,15.024449,1.609440,1.997056,23.875718,0
2024-11-20,sh.603339,21.5428879200,22.5985884000,21.3944300400,22.1697100800,21.6088692000,9607368,128520732.4000,3.104700,1,2.595400,15.414397,1.651212,2.048888,24.495394,0
2024-11-21,sh.603339,22.1037288000,22.1037288000,21.3614394000,21.5923738800,22.1697100800,7994216,104596607.1200,2.583400,1,-2.604200,15.012980,1.608211,1.995532,23.857493,0
2024-11-22,sh.603339,21.5098972800,21.5263926000,20.5201780800,20.5531687200,21.5923738800,7180276,91459044.8600,2.320400,1,-4.812800,14.290430,1.530811,1.899490,22.709271,0
2024-11-25,sh.603339,20.4706921200,20.7346172400,20.2562529600,20.6686359600,20.5531687200,4452804,55503773.0800,1.439000,1,0.561800,14.370714,1.539411,1.910162,22.836851,0
2024-11-26,sh.603339,20.6026546800,21.5098972800,20.4871874400,20.7016266000,20.6686359600,8093592,103272474.6600,2.615600,1,0.159600,14.393652,1.541868,1.913211,22.873303,0
2024-11-27,sh.603339,20.3717202000,20.8665798000,19.9593372000,20.8335891600,20.7016266000,5713420,70618764.3200,1.846400,1,0.637500,14.485404,1.551697,1.925406,23.019109,0
2024-11-28,sh.603339,20.8335891600,21.1140096000,20.6851312800,20.7181219200,20.8335891600,3925494,49684678.5600,1.268600,1,-0.554200,14.405121,1.543097,1.914735,22.891528,0
2024-11-29,sh.603339,20.7841032000,21.1470002400,20.7511125600,21.0975142800,20.7181219200,4955288,63088231.9200,1.601400,1,1.831200,14.668909,1.571354,1.949798,23.310720,0
2024-12-02,sh.603339,21.0975142800,21.2954581200,21.0975142800,21.2789628000,21.0975142800,3899017,50150569.2900,1.260000,1,0.860000,14.795068,1.584868,1.966567,23.511204,0
2024-12-03,sh.603339,21.5923738800,21.6088692000,21.1305049200,21.2294768400,21.2789628000,4174104,54015946.2600,1.348900,1,-0.232600,14.760661,1.581183,1.961994,23.456526,0
2024-12-04,sh.603339,21.0810189600,21.5758785600,20.8995704400,21.0150376800,21.2294768400,3555200,45667788.0800,1.148900,1,-1.010100,14.611564,1.565211,1.942175,23.219592,0
2024-12-05,sh.603339,21.0150376800,21.5263926000,20.9985423600,21.2789628000,21.0150376800,3984216,51410001.3200,1.287600,1,1.255900,14.795068,1.584868,1.966567,23.511204,0
2024-12-06,sh.603339,21.3944300400,21.5098972800,20.9985423600,21.4274206800,21.2789628000,4262355,55108265.8400,1.377400,1,0.697700,14.898290,1.595926,1.980287,23.675235,0
2024-12-09,sh.603339,21.4274206800,21.5428879200,21.1634955600,21.4109253600,21.4274206800,2845000,36844312.5200,0.919400,1,-0.077000,14.886821,1.594697,1.978763,23.657010,0
2024-12-10,sh.603339,21.9057849600,22.0542428400,21.2129815200,21.2294768400,21.4109253600,5023532,65719960.4800,1.623400,1,-0.847500,14.760661,1.581183,1.961994,23.456526,0
2024-12-11,sh.603339,21.1634955600,21.4109253600,21.1305049200,21.2129815200,21.2294768400,3430744,44196466.0800,1.108700,1,-0.077700,14.749192,1.579954,1.960469,23.438301,0
2024-12-12,sh.603339,21.2129815200,21.8562990000,21.1470002400,21.6748504800,21.2129815200,6008688,78534018.5600,1.941800,1,2.177300,15.070325,1.614354,2.003154,23.948621,0
2024-12-13,sh.603339,21.6748504800,21.6913458000,20.9655517200,20.9655517200,21.6748504800,5234680,67389611.8800,1.691700,1,-3.272500,14.577156,1.561525,1.937602,23.164915,0
2024-12-16,sh.603339,20.9820470400,21.1964862000,20.5036827600,20.5861593600,20.9655517200,4554976,57343632.2000,1.472000,1,-1.809600,14.313368,1.533268,1.902539,22.745723,0
2024-12-17,sh.603339,20.6521406400,20.6521406400,19.8273746400,19.9428418800,20.5861593600,4627694,56413576.4700,1.495500,1,-3.125000,13.866076,1.485353,1.843085,22.034919,0
2024-12-18,sh.603339,19.9428418800,20.2892436000,19.8438699600,19.9923278400,19.9428418800,2398098,29174687.5200,0.775000,1,0.248100,13.900483,1.489039,1.847658,22.089596,0
2024-12-19,sh.603339,19.9758325200,19.9923278400,19.6294308000,19.7613933600,19.9923278400,3970826,47701022.7400,1.283200,1,-1.155100,13.739916,1.471839,1.826316,21.834436,0
2024-12-20,sh.603339,19.7613933600,20.5861593600,19.7613933600,20.1737763600,19.7613933600,4129902,50513807.6800,1.334600,1,2.086800,14.026642,1.502554,1.864427,22.290079,0
2024-12-23,sh.603339,20.0912997600,20.1242904000,19.1345712000,19.1345712000,20.1737763600,4428044,52403338.8000,1.431000,1,-5.151300,13.304092,1.425153,1.768386,21.141858,0
2024-12-24,sh.603339,19.4809729200,19.5469542000,19.0685899200,19.3160197200,19.1345712000,2237068,26152881.6400,0.722900,1,0.948300,13.430252,1.438667,1.785155,21.342341,0
2024-12-25,sh.603339,19.3325150400,19.4314869600,18.6397116000,18.8871414000,19.3160197200,3010504,34481088.0800,0.972900,1,-2.220300,13.132057,1.406724,1.745519,20.868471,0
2024-12-26,sh.603339,18.8871414000,20.2562529600,18.8211601200,19.6459261200,18.8871414000,6753071,80350884.9000,2.182300,1,4.017500,13.659633,1.463239,1.815644,21.706855,0
2024-12-27,sh.603339,19.9263465600,21.0810189600,19.7778886800,19.7943840000,19.6459261200,6430860,78792281.7200,2.078200,1,0.755700,13.762854,1.474296,1.829365,21.870887,0
2024-12-30,sh.603339,19.7943840000,21.7738224000,19.6459261200,21.7738224000,19.7943840000,21115115,275247450.9400,6.823600,1,10.000000,15.139140,1.621726,2.012301,24.057976,0
2024-12-31,sh.603339,21.8068130400,22.0542428400,20.7841032000,20.8500844800,21.7738224000,20862996,270282720.5800,6.742200,1,-4.242400,14.496873,1.552925,1.926931,23.037334,0
2025-01-02,sh.603339,20.8500844800,20.9160657600,19.8933559200,20.1242904000,20.8500844800,10059963,124007518.0000,3.251000,1,-3.481000,13.992235,1.498868,1.859854,22.235402,0
2025-01-03,sh.603339,20.2067670000,20.4377014800,18.6397116000,18.6891975600,20.1242904000,9598793,112234640.8400,3.102000,1,-7.131100,12.994428,1.391981,1.727225,20.649763,0
2025-01-06,sh.603339,18.5902256400,19.1510665200,17.8149456000,18.5242443600,18.6891975600,5749568,64936596.9200,1.858000,1,-0.882600,12.879738,1.379696,1.711980,20.467505,0
2025-01-07,sh.603339,18.6397116000,19.8603652800,18.6397116000,19.2830290800,18.5242443600,6790795,78991429.6300,2.194500,1,4.096200,13.407314,1.436210,1.782106,21.305889,0
2025-01-08,sh.603339,19.5634495200,21.2129815200,19.5634495200,21.2129815200,19.2830290800,8917304,112916600.5600,2.881700,1,10.008600,14.749192,1.579954,1.960469,23.438301,0
2025-01-09,sh.603339,21.6583551600,23.3408778000,21.5428879200,22.2027007200,21.2129815200,35706202,487128761.0700,11.538900,1,4.665600,15.437335,1.653669,2.051937,24.531845,0
2025-01-10,sh.603339,21.2459721600,22.0542428400,20.6521406400,20.7016266000,22.2027007200,22888517,296340088.3400,7.396700,1,-6.760800,14.393652,1.541868,1.913211,22.873303,0
2025-01-13,sh.603339,20.9325610800,21.4439160000,19.6624214400,20.1572810400,20.7016266000,11645220,143525160.2400,3.763300,1,-2.629500,14.015173,1.501325,1.862903,22.271853,0
2025-01-14,sh.603339,20.3717202000,21.5593832400,20.1902716800,21.4769066400,20.1572810400,14773092,189335379.6400,4.774100,1,6.546600,14.932697,1.599611,1.984861,23.729913,0
2025-01-15,sh.603339,21.3449440800,21.5263926000,20.8170938400,20.8995704400,21.4769066400,9624880,122566647.6700,3.110400,1,-2.688200,14.531280,1.556611,1.931504,23.092012,0
2025-01-16,sh.603339,20.9490564000,21.6583551600,20.4541968000,21.6418598400,20.8995704400,16384548,209867395.9200,5.294900,1,3.551700,15.047387,1.611897,2.000105,23.912170,0
2025-01-17,sh.603339,21.4769066400,21.6088692000,21.1140096000,21.1470002400,21.6418598400,9872228,127482666.2000,3.190300,1,-2.286600,14.703316,1.575040,1.954371,23.365398,0
2025-01-20,sh.603339,21.4274206800,21.4934019600,21.0315330000,21.1964862000,21.1470002400,7508620,96593055.4000,2.426500,1,0.234000,14.737723,1.578726,1.958945,23.420075,0
2025-01-21,sh.603339,21.2789628000,21.4934019600,20.6356453200,20.9325610800,21.1964862000,7309964,92770163.4800,2.362300,1,-1.245100,14.554218,1.559068,1.934553,23.128463,0
2025-01-22,sh.603339,20.7676078800,22.3841492400,20.6851312800,21.6253645200,20.9325610800,15036445,196787372.5000,4.859200,1,3.309700,15.035918,1.610669,1.998581,23.893944,0
2025-01-23,sh.603339,21.4769066400,21.8398036800,21.2789628000,21.3119534400,21.6253645200,9483461,124058135.0700,3.064700,1,-1.449300,14.818006,1.587326,1.969616,23.547655,0
2025-01-24,sh.603339,21.1140096000,21.4274206800,20.9490564000,21.3119534400,21.3119534400,6037364,77680650.6800,1.951100,1,0.000000,14.818006,1.587326,1.969616,23.547655,0
2025-01-27,sh.603339,21.3119534400,21.4109253600,20.6356453200,20.6521406400,21.3119534400,5572800,70613773.7600,1.800900,1,-3.096000,14.359245,1.538182,1.908637,22.818626,0
2025-02-05,sh.603339,20.6356453200,20.7676078800,19.9758325200,20.2232623200,20.6521406400,5857989,71754931.5700,1.893100,1,-2.076700,14.061049,1.506239,1.869001,22.344756,0
2025-02-06,sh.603339,20.2067670000,20.6686359600,20.0912997600,20.4871874400,20.2232623200,6438562,79721138.4200,2.080700,1,1.305100,14.244554,1.525897,1.893392,22.636368,0
2025-02-07,sh.603339,20.5531687200,20.8005985200,20.3882155200,20.6191500000,20.4871874400,6908458,86180118.7700,2.232600,1,0.644100,14.336306,1.535725,1.905588,22.782174,0
2025-02-10,sh.603339,20.6191500000,20.7016266000,20.3552248800,20.5861593600,20.6191500000,7261635,90146839.3400,2.346700,1,-0.160000,14.313368,1.533268,1.902539,22.745723,0
2025-02-11,sh.603339,20.5366734000,20.8170938400,20.1572810400,20.5861593600,20.5861593600,5711244,70837887.8800,1.845700,1,0.000000,14.313368,1.533268,1.902539,22.745723,0
2025-02-12,sh.603339,20.4871874400,20.9490564000,20.4871874400,20.8500844800,20.5861593600,6034264,75905963.9600,1.950100,1,1.282100,14.496873,1.552925,1.926931,23.037334,0
2025-02-13,sh.603339,20.8665798000,20.8995704400,20.1737763600,20.1737763600,20.8500844800,6325864,78456264.3200,2.044300,1,-3.243700,14.026642,1.502554,1.864427,22.290079,0
2025-02-14,sh.603339,20.1737763600,20.2067670000,19.9098512400,19.9428418800,20.1737763600,4651208,56561367.3200,1.503100,1,-1.144700,13.866076,1.485353,1.843085,22.034919,0
2025-02-17,sh.603339,19.9593372000,20.6191500000,19.9263465600,20.3717202000,19.9428418800,5459240,67029557.7200,1.764200,1,2.150500,14.164271,1.517297,1.882721,22.508788,0
2025-02-18,sh.603339,20.4047108400,20.5036827600,19.7284027200,19.8933559200,20.3717202000,4766064,58136830.5600,1.540200,1,-2.348200,13.831668,1.481668,1.838511,21.980242,0
2025-02-19,sh.603339,19.8768606000,20.2727482800,19.8108793200,20.2727482800,19.8933559200,3933044,47891343.6400,1.271000,1,1.907100,14.095456,1.509925,1.873574,22.399434,0
2025-02-20,sh.603339,20.3387295600,20.5861593600,20.1407857200,20.4212061600,20.2727482800,4748004,58632637.0400,1.534400,1,0.732300,14.198678,1.520982,1.887295,22.563465,0
2025-02-21,sh.603339,20.3387295600,21.5758785600,20.1407857200,21.3614394000,20.4212061600,14331154,183437321.2500,4.631300,1,4.604200,14.852413,1.591011,1.974189,23.602332,0
2025-02-24,sh.603339,21.3614394000,22.2027007200,20.9490564000,21.7408317600,21.3614394000,13067150,170818879.1400,4.222800,1,1.776100,15.116202,1.619269,2.009252,24.021524,0
2025-02-25,sh.603339,21.4439160000,21.6418598400,21.2129815200,21.3944300400,21.7408317600,6754076,87660945.0400,2.182700,1,-1.593300,14.875352,1.593469,1.977238,23.638784,0
2025-02-26,sh.603339,21.3944300400,21.6088692000,21.2789628000,21.5098972800,21.3944300400,5021476,65338495.7600,1.622800,1,0.539700,14.955635,1.602069,1.987910,23.766364,0
2025-02-27,sh.603339,21.4439160000,21.5593832400,20.9160657600,21.2129815200,21.5098972800,5973208,76858928.9600,1.930300,1,-1.380400,14.749192,1.579954,1.960469,23.438301,0
2025-02-28,sh.603339,21.2294768400,21.4109253600,20.7841032000,20.8995704400,21.2129815200,6285900,80386833.2000,2.031400,1,-1.477400,14.531280,1.556611,1.931504,23.092012,0
2025-03-03,sh.603339,21.0315330000,21.3449440800,20.8005985200,20.8995704400,20.8995704400,3857644,49232235.4800,1.246600,1,0.000000,14.531280,1.556611,1.931504,23.092012,0
2025-03-04,sh.603339,20.8995704400,21.5923738800,20.7511125600,21.5263926000,20.8995704400,5994948,77692051.4000,1.937300,1,2.999200,14.967104,1.603297,1.989434,23.784590,0
2025-03-05,sh.603339,21.5098972800,22.4996164800,21.3779347200,21.8068130400,21.5263926000,10044712,132379915.7600,3.246100,1,1.302700,15.162078,1.624183,2.015350,24.094427,0
2025-03-06,sh.603339,21.8068130400,21.8727943200,21.4439160000,21.4439160000,21.8068130400,8414712,110208502.5600,2.719300,1,-1.664100,14.909759,1.597154,1.981812,23.693461,0
2025-03-07,sh.603339,21.4934019600,21.6583551600,21.2459721600,21.3284487600,21.4439160000,4982769,64620286.9300,1.610200,1,-0.538500,14.829475,1.588554,1.971140,23.565881,0
2025-03-10,sh.603339,21.1470002400,21.8892896400,21.0315330000,21.4109253600,21.3284487600,6386280,82942448.0400,2.063800,1,0.386700,14.886821,1.594697,1.978763,23.657010,0
2025-03-11,sh.603339,21.1140096000,21.2789628000,20.8335891600,21.2294768400,21.4109253600,4849136,61907752.4000,1.567100,1,-0.847500,14.760661,1.581183,1.961994,23.456526,0
2025-03-12,sh.603339,21.3284487600,21.8233083600,21.1964862000,21.5923738800,21.2294768400,6003082,78305318.8300,1.940000,1,1.709400,15.012980,1.608211,1.995532,23.857493,0
2025-03-13,sh.603339,21.3944300400,21.8727943200,21.1140096000,21.3284487600,21.5923738800,5815800,75508854.2800,1.879500,1,-1.222300,14.829475,1.588554,1.971140,23.565881,0
2025-03-14,sh.603339,21.4109253600,21.8233083600,21.1140096000,21.7903177200,21.3284487600,7067540,92604480.0000,2.284000,1,2.165500,15.150609,1.622954,2.013826,24.076202,0
2025-03-17,sh.603339,21.7738224000,22.2686820000,21.6748504800,22.0542428400,21.7903177200,6931431,92337771.8800,2.240000,1,1.211200,15.334113,1.642612,2.038217,24.367813,0
2025-03-18,sh.603339,22.0377475200,22.2686820000,21.8892896400,22.2521866800,22.0542428400,5012956,67148137.7600,1.620000,1,0.897500,15.471742,1.657355,2.056511,24.586522,0
2025-03-19,sh.603339,22.2686820000,22.3181679600,21.9552709200,22.1202241200,22.2521866800,4313932,57753868.1200,1.394100,1,-0.593000,15.379990,1.647526,2.044315,24.440716,0
2025-03-20,sh.603339,22.0872334800,22.3181679600,21.9387756000,22.1037288000,22.1202241200,4863300,65191357.0000,1.571600,1,-0.074600,15.368521,1.646297,2.042791,24.422491,0
2025-03-21,sh.603339,21.9882615600,22.0047568800,21.4604113200,21.6253645200,22.1037288000,5227480,68727615.0000,1.689300,1,-2.164200,15.035918,1.610669,1.998581,23.893944,0
2025-03-24,sh.603339,21.6253645200,21.7738224000,20.4871874400,20.8995704400,21.6253645200,5770300,73460261.0000,1.864700,1,-3.356200,14.531280,1.556611,1.931504,23.092012,0
2025-03-25,sh.603339,20.8995704400,20.9655517200,20.5036827600,20.6686359600,20.8995704400,2691500,33852707.5900,0.869800,1,-1.105000,14.370714,1.539411,1.910162,22.836851,0
2025-03-26,sh.603339,20.7346172400,21.2789628000,20.5531687200,21.0645236400,20.6686359600,4370968,55813067.9600,1.412500,1,1.915400,14.645971,1.568897,1.946749,23.274269,0
2025-03-27,sh.603339,21.0645236400,21.1799908800,20.5531687200,20.9160657600,21.0645236400,3671596,46539009.8400,1.186500,1,-0.704800,14.542749,1.557840,1.933029,23.110237,0
2025-03-28,sh.603339,20.8335891600,21.1140096000,20.5036827600,20.5366734000,20.9160657600,2860472,35875016.4000,0.924400,1,-1.813900,14.278961,1.529582,1.897966,22.691045,0
2025-03-31,sh.603339,20.4871874400,20.4871874400,19.7943840000,20.1737763600,20.5366734000,3369396,41030454.8000,1.088900,1,-1.767100,14.026642,1.502554,1.864427,22.290079,0
2025-04-01,sh.603339,20.0912997600,20.5201780800,20.0912997600,20.4377014800,20.1737763600,1936340,23952785.5200,0.625800,1,1.308300,14.210147,1.522211,1.888819,22.581691,0
2025-04-02,sh.603339,20.4871874400,20.8170938400,20.3057389200,20.5366734000,20.4377014800,2021456,25273635.1600,0.653300,1,0.484300,14.278961,1.529582,1.897966,22.691045,0
2025-04-03,sh.603339,20.4541968000,20.5036827600,20.0088231600,20.1077950800,20.5366734000,2520645,30939235.1000,0.814600,1,-2.088400,13.980766,1.497639,1.858330,22.217176,0
2025-04-07,sh.603339,18.1118613600,18.9201320400,18.0953660400,18.0953660400,20.1077950800,3527080,38877410.2000,1.139800,1,-10.008200,12.581543,1.347752,1.672344,19.993636,0
2025-04-08,sh.603339,17.3200860000,17.7654596400,16.3303668000,16.7922357600,18.0953660400,8839264,90423057.2000,2.856500,1,-7.201500,11.675488,1.250695,1.551911,18.553803,0
2025-04-09,sh.603339,16.7097591600,17.1881234400,15.6870493200,17.0231702400,16.7922357600,5492304,54891821.8800,1.774900,1,1.375200,11.836055,1.267895,1.573254,18.808963,0
2025-04-10,sh.603339,17.4190579200,18.7221882000,17.4025626000,18.7221882000,17.0231702400,8883770,96920104.5800,2.870900,1,9.980600,13.017366,1.394439,1.730274,20.686214,0
2025-04-11,sh.603339,18.5572350000,18.5572350000,17.9469081600,18.0788707200,18.7221882000,7285482,80072823.9200,2.354400,1,-3.436100,12.570073,1.346524,1.670820,19.975410,0
2025-04-14,sh.603339,18.3427958400,18.3757864800,18.0788707200,18.1778426400,18.0788707200,4086632,45142623.0800,1.320600,1,0.547400,12.638888,1.353895,1.679967,20.084765,0
2025-04-15,sh.603339,18.1778426400,18.4252724400,18.0458800800,18.3922818000,18.1778426400,3524076,38996322.7200,1.138900,1,1.179700,12.787985,1.369867,1.699785,20.321699,0
2025-04-16,sh.603339,18.3427958400,18.4087771200,17.7489643200,18.1778426400,18.3922818000,4046276,44327035.0000,1.307600,1,-1.165900,12.638888,1.353895,1.679967,20.084765,0
2025-04-17,sh.603339,17.9798988000,18.3922818000,17.9139175200,18.2933098800,18.1778426400,2729104,30220296.3200,0.881900,1,0.635200,14.470840,1.336385,1.842050,-9.638167,0
2025-04-18,sh.603339,18.3592911600,18.3757864800,17.9798988000,18.0788707200,18.2933098800,2687000,29527037.1600,0.868300,1,-1.172200,14.301208,1.320719,1.820457,-9.525185,0
2025-04-21,sh.603339,17.9469081600,18.2438239200,17.8314409200,18.2108332800,18.0788707200,3664048,40182593.9600,1.184100,1,0.729900,14.405597,1.330359,1.833745,-9.594712,0
2025-04-22,sh.603339,18.1778426400,18.2603192400,18.0458800800,18.2273286000,18.2108332800,2528463,27866045.8300,0.817100,1,0.090600,14.418645,1.331564,1.835406,-9.603403,0
2025-04-23,sh.603339,18.3263005200,18.6562069200,18.2768145600,18.6067209600,18.2273286000,4462620,50053058.1600,1.442200,1,2.081400,14.900156,1.332669,1.817988,-84.497996,0
2025-04-24,sh.603339,18.6232162800,18.6232162800,18.0953660400,18.2108332800,18.6067209600,3267976,36196616.4000,1.056100,1,-2.127700,14.583131,1.304315,1.779308,-82.700166,0
2025-04-25,sh.603339,18.2933098800,18.4252724400,18.1613473200,18.3263005200,18.2108332800,1955420,21730324.0400,0.631900,1,0.634100,14.675597,1.312585,1.790590,-83.224533,0
2025-04-28,sh.603339,18.3757864800,18.3922818000,17.9798988000,18.0953660400,18.3263005200,2396080,26355514.0000,0.774300,1,-1.260100,14.490666,1.296045,1.768026,-82.175799,0
2025-04-29,sh.603339,17.9798988000,18.4912537200,17.9798988000,18.3922818000,18.0953660400,2470500,27532575.0000,0.798400,1,1.640800,14.728434,1.317311,1.797036,-83.524172,0
2025-04-30,sh.603339,18.5407396800,18.6397116000,18.4087771200,18.5407396800,18.3922818000,2121624,23857946.2400,0.685600,1,0.807200,14.847318,1.327944,1.811541,-84.198358,0
2025-05-06,sh.603339,18.6891975600,19.0520946000,18.6727022400,19.0191039600,18.5407396800,2907560,33365661.8400,0.939600,1,2.580100,15.230390,1.362206,1.858281,-86.370735,0
2025-05-07,sh.603339,19.1345712000,19.3984963200,18.8046648000,19.0685899200,19.0191039600,3401116,39468377.2400,1.099100,1,0.260200,15.270018,1.365750,1.863116,-86.595464,0
2025-05-08,sh.603339,19.0685899200,19.5469542000,18.9861133200,19.4149916400,19.0685899200,2931628,34363749.6000,0.947400,1,1.816600,15.547414,1.390560,1.896961,-88.168565,0
2025-05-09,sh.603339,19.4479822800,19.4479822800,19.0685899200,19.1510665200,19.4149916400,2167418,25220307.4200,0.700400,1,-1.359400,15.336065,1.371657,1.871174,-86.970012,0
2025-05-12,sh.603339,19.4644776000,19.4644776000,19.1510665200,19.2665337600,19.1510665200,2542344,29664552.2400,0.821600,1,0.602900,15.428530,1.379927,1.882456,-87.494379,0
2025-05-13,sh.603339,19.4644776000,19.6129354800,19.1840571600,19.2170478000,19.2665337600,2651680,31107620.2400,0.856900,1,-0.256800,15.388902,1.376383,1.877621,-87.269650,0
2025-05-14,sh.603339,19.3490103600,20.0912997600,19.0850852400,19.8603652800,19.2170478000,9366360,111952150.6400,3.026900,1,3.347600,15.904067,1.422459,1.940477,-90.191124,0
2025-05-15,sh.603339,20.1407857200,20.5201780800,19.5139635600,19.9593372000,19.8603652800,7997240,96452239.5700,2.584400,1,0.498300,15.983323,1.429548,1.950147,-90.640581,0
2025-05-16,sh.603339,19.8603652800,20.1572810400,19.5469542000,19.5469542000,19.9593372000,4373688,52163931.5600,1.413400,1,-2.066100,15.653089,1.400012,1.909855,-88.767842,0
2025-05-19,sh.603339,19.5469542000,19.7613933600,19.3655056800,19.7284027200,19.5469542000,3084872,36641425.5200,0.996900,1,0.928300,15.798392,1.413008,1.927583,-89.591847,0
2025-05-20,sh.603339,19.5469542000,20.0418138000,19.4974682400,19.8933559200,19.7284027200,2895999,34687044.6000,0.935900,1,0.836100,15.930486,1.424822,1.943700,-90.340943,0
2025-05-21,sh.603339,19.8933559200,19.8933559200,19.4644776000,19.5304588800,19.8933559200,2559432,30400022.8000,0.827100,1,-1.824200,15.639880,1.398830,1.908243,-88.692932,0
2025-05-22,sh.603339,19.4644776000,19.6624214400,19.2995244000,19.3160197200,19.5304588800,2359900,27786231.0000,0.762600,1,-1.098000,15.468158,1.383472,1.887291,-87.719108,0
2025-05-23,sh.603339,19.3325150400,19.6954120800,19.1510665200,19.1840571600,19.3160197200,2247900,26454645.0000,0.726400,1,-0.683200,15.362483,1.374020,1.874397,-87.119831,0
2025-05-26,sh.603339,19.3820010000,19.4644776000,19.0850852400,19.3984963200,19.1840571600,1653800,19403959.6400,0.534400,1,1.117800,15.534205,1.389379,1.895349,-88.093656,0
2025-05-27,sh.603339,19.4149916400,19.7613933600,19.3160197200,19.4479822800,19.3984963200,2026408,23893541.5200,0.654900,1,0.255100,15.573833,1.392923,1.900185,-88.318384,0
2025-05-28,sh.603339,19.4149916400,19.6294308000,19.2995244000,19.4479822800,19.4479822800,1669112,19719770.7200,0.539400,1,0.000000,15.573833,1.392923,1.900185,-88.318384,0
2025-05-29,sh.603339,19.4479822800,19.7119074000,19.4149916400,19.6954120800,19.4479822800,2310820,27507796.4000,0.746800,1,1.272300,15.771974,1.410645,1.924360,-89.442028,0
2025-05-30,sh.603339,19.5469542000,19.6459261200,19.2500384400,19.2995244000,19.6954120800,2474280,29079302.3600,0.799600,1,-2.010100,15.454949,1.382290,1.885679,-87.644198,0
2025-06-03,sh.603339,19.2995244000,19.6129354800,19.0850852400,19.5304588800,19.2995244000,2373012,28028448.4000,0.766900,1,1.196600,15.639880,1.398830,1.908243,-88.692932,0
2025-06-04,sh.603339,19.6129354800,19.6459261200,19.4644776000,19.5634495200,19.5304588800,1859400,22048656.0000,0.600900,1,0.168900,15.666299,1.401193,1.911466,-88.842751,0
2025-06-05,sh.603339,19.5634495200,19.6294308000,19.2830290800,19.5304588800,19.5634495200,2602100,30739300.0000,0.840900,1,-0.168600,15.639880,1.398830,1.908243,-88.692932,0
2025-06-06,sh.603339,19.5799448400,19.7119074000,19.4644776000,19.7119074000,19.5304588800,2407592,28639510.8000,0.778000,1,0.929100,15.785183,1.411826,1.925972,-89.516937,0
2025-06-09,sh.603339,19.9593372000,19.9593372000,19.7119074000,19.7778886800,19.7119074000,2197800,26372002.0000,0.710200,1,0.334700,15.838020,1.416552,1.932418,-89.816576,0
2025-06-10,sh.603339,19.8108793200,19.8768606000,19.4809729200,19.7448980400,19.7778886800,2775172,33153718.0500,0.896800,1,-0.166800,15.811602,1.414189,1.929195,-89.666757,0
2025-06-11,sh.603339,19.8768606000,19.9428418800,19.6954120800,19.7284027200,19.7448980400,2274399,27331750.0000,0.735000,1,-0.083500,15.798392,1.413008,1.927583,-89.591847,0
2025-06-12,sh.603339,19.7284027200,19.7613933600,19.5799448400,19.7448980400,19.7284027200,1935860,23091530.4000,0.625600,1,0.083600,15.811602,1.414189,1.929195,-89.666757,0
2025-06-13,sh.603339,19.7613933600,19.7613933600,19.3325150400,19.4314869600,19.7448980400,2513379,29722033.6200,0.812200,1,-1.587300,15.560624,1.391742,1.898573,-88.243475,0
2025-06-16,sh.603339,19.4149916400,19.6459261200,19.3160197200,19.5139635600,19.4314869600,1959960,23243053.8800,0.633400,1,0.424400,15.626671,1.397649,1.906631,-88.618023,0
2025-06-17,sh.603339,19.5964401600,20.0418138000,19.3984963200,19.4974682400,19.5139635600,4803440,57156845.4800,1.552300,1,-0.084500,15.613461,1.396467,1.905020,-88.543113,0
2025-06-18,sh.603339,19.4149916400,19.4809729200,19.0191039600,19.3490103600,19.4974682400,3514024,40941185.4400,1.135600,1,-0.761400,15.494577,1.385834,1.890514,-87.868927,0
2025-06-19,sh.603339,19.3490103600,19.4149916400,18.9201320400,18.9366273600,19.3490103600,2230048,25835902.3600,0.720700,1,-2.131300,15.164343,1.356298,1.850222,-85.996188,0
2025-06-20,sh.603339,19.0026086400,19.0355992800,18.8046648000,18.8046648000,18.9366273600,1946804,22320583.1200,0.629100,1,-0.696900,15.058668,1.346847,1.837329,-85.396911,0
2025-06-23,sh.603339,18.7716741600,19.2995244000,18.6397116000,19.2500384400,18.8046648000,2120776,24534352.7500,0.685400,1,2.368400,15.415321,1.378746,1.880844,-87.419469,0
2025-06-24,sh.603339,19.3820010000,19.7448980400,19.2500384400,19.7119074000,19.2500384400,3156160,37380169.2400,1.020000,1,2.399300,15.785183,1.411826,1.925972,-89.516937,0
2025-06-25,sh.603339,19.7778886800,19.8273746400,19.5964401600,19.8108793200,19.7119074000,2520052,30127132.6800,0.814400,1,0.502100,15.864439,1.418915,1.935642,-89.966395,0
2025-06-26,sh.603339,19.8108793200,19.8933559200,19.6294308000,19.6459261200,19.8108793200,2301200,27523898.1600,0.743700,1,-0.832600,15.732345,1.407100,1.919525,-89.217299,0
2025-06-27,sh.603339,19.8477652000,19.9991464600,19.6963839400,19.8982256200,19.6459235200,2318288,27430282.2400,0.749200,1,1.284200,15.626671,1.397649,1.906631,-88.618023,0
2025-06-30,sh.603339,20.1000673000,20.2346284200,19.9318659000,20.1841680000,19.8982256200,2323112,27810809.3600,0.750700,1,1.437000,15.851230,1.417733,1.934030,-89.891485,0
2025-07-01,sh.603339,20.2514485600,20.3355492600,20.0832471600,20.2178082800,20.1841680000,2531256,30397948.9600,0.818000,1,0.166700,15.877648,1.420096,1.937253,-90.041304,0
2025-07-02,sh.603339,20.3187291200,20.4532902400,20.0832471600,20.3523694000,20.2178082800,3247256,39105036.2000,1.049400,1,0.665600,15.983323,1.429548,1.950147,-90.640581,0
2025-07-03,sh.603339,20.4364701000,20.4364701000,20.1000673000,20.2178082800,20.3523694000,2606857,31376247.9700,0.842400,1,-0.661200,15.877648,1.420096,1.937253,-90.041304,0
2025-07-04,sh.603339,20.2850888400,20.2850888400,19.9991464600,20.0327867400,20.2178082800,1766800,21108407.0000,0.571000,1,-0.915100,15.732345,1.407100,1.919525,-89.217299,0
2025-07-07,sh.603339,20.0832471600,20.3355492600,20.0327867400,20.3187291200,20.0327867400,2542532,30591827.5200,0.821700,1,1.427400,15.956905,1.427185,1.946924,-90.490762,0
2025-07-08,sh.603339,20.3187291200,21.0588152800,20.2346284200,20.6551319200,20.3187291200,5456711,66906295.4000,1.763400,1,1.655600,16.221092,1.450814,1.979157,-91.988953,0
2025-07-09,sh.603339,20.6551319200,20.6887722000,20.4532902400,20.4869305200,20.6551319200,3107820,38015284.6000,1.004300,1,-0.814300,16.088998,1.438999,1.963041,-91.239858,0
2025-07-10,sh.603339,20.5037506600,20.8401534600,20.3860096800,20.5710312200,20.4869305200,2450940,29937265.4000,0.792100,1,0.410500,16.155045,1.444907,1.971099,-91.614405,0
2025-07-11,sh.603339,20.6214916400,21.3447576600,20.3691895400,20.8401534600,20.5710312200,5531028,68356745.4000,1.787400,1,1.308300,16.366395,1.463810,1.996886,-92.812959,0
2025-07-14,sh.603339,20.8401534600,21.1765562600,20.4364701000,20.9410743000,20.8401534600,5571060,69098662.8000,1.800400,1,0.484300,16.445651,1.470898,2.006556,-93.262416,0
2025-07-15,sh.603339,20.9242541600,21.1092757000,20.6887722000,20.9410743000,20.9410743000,3570072,44374749.5200,1.153700,1,0.000000,16.445651,1.470898,2.006556,-93.262416,0
2025-07-16,sh.603339,20.9915347200,21.1933764000,20.8737937400,21.1429159800,20.9410743000,3404644,42703065.4000,1.100300,1,0.963900,16.604163,1.485076,2.025896,-94.161331,0
2025-07-17,sh.603339,21.1597361200,21.4120382200,21.0756354200,21.1933764000,21.1429159800,3880488,48969941.8000,1.254000,1,0.238700,16.643791,1.488620,2.030732,-94.386060,0
2025-07-18,sh.603339,21.2101965400,21.2606569600,20.8737937400,21.0924555600,21.1933764000,3181792,39773891.4000,1.028200,1,-0.476200,16.564535,1.481531,2.021061,-93.936602,0
2025-07-21,sh.603339,21.1765562600,21.2942972400,21.1260958400,21.2606569600,21.0924555600,2972335,37500227.0600,0.960500,1,0.797400,16.696629,1.493346,2.037178,-94.685698,0
2025-07-22,sh.603339,21.2942972400,21.3447576600,21.1092757000,21.1933764000,21.2606569600,2959016,37321996.6400,0.956200,1,-0.316500,16.643791,1.488620,2.030732,-94.386060,0
2025-07-23,sh.603339,21.1933764000,21.2774771000,20.9074340200,20.9747145800,21.1933764000,3127215,39135925.8300,1.010600,1,-1.031700,16.472069,1.473261,2.009780,-93.412235,0
2025-07-24,sh.603339,21.0756354200,21.1765562600,20.8906138800,21.0083548600,20.9747145800,2934000,36638103.2000,0.948200,1,0.160400,16.498488,1.475624,2.013003,-93.562054,0
2025-07-25,sh.603339,21.0083548600,21.1092757000,20.8569736000,21.0756354200,21.0083548600,2724104,33970918.6000,0.880300,1,0.320300,16.551326,1.480350,2.019450,-93.861693,0
2025-07-28,sh.603339,21.0419951400,21.2438368200,20.9747145800,21.1597361200,21.0756354200,2821588,35444318.9600,0.911800,1,0.399000,16.617372,1.486257,2.027508,-94.236240,0
2025-07-29,sh.603339,21.0251750000,21.1597361200,20.8906138800,21.0588152800,21.1597361200,2261392,28253642.4800,0.730800,1,-0.476900,16.538116,1.479169,2.017838,-93.786783,0
2025-07-30,sh.603339,21.0419951400,22.0343834000,20.8737937400,21.3111173800,21.0588152800,10649824,135732891.1600,3.441600,1,1.198100,16.736257,1.496890,2.042013,-94.910427,0
2025-07-31,sh.603339,21.0756354200,22.0007431200,21.0756354200,21.7148007400,21.3111173800,12668232,162701440.8800,4.093900,1,1.894200,17.053281,1.525245,2.080694,-96.708256,0
2025-08-01,sh.603339,21.6811604600,21.7316208800,21.4120382200,21.4961389200,21.7148007400,6691708,85689756.1600,2.162500,1,-1.007000,16.881560,1.509886,2.059742,-95.734432,0
2025-08-04,sh.603339,21.5129590600,22.5726278800,21.2774771000,22.3707862000,21.4961389200,12913103,169961620.6900,4.173000,1,4.068900,17.568446,1.571321,2.143550,-99.629730,0
2025-08-05,sh.603339,22.3539660600,22.4717070400,21.9166424200,22.1521243800,22.3707862000,7073711,92815273.1700,2.286000,1,-0.977400,17.396725,1.555962,2.122598,-98.655905,0
2025-08-06,sh.603339,22.0680236800,22.3203257800,21.8493618600,22.1016639600,22.1521243800,6562240,86022909.4400,2.120700,1,-0.227800,17.357096,1.552418,2.117763,-98.431176,0
2025-08-07,sh.603339,22.0512035400,22.2530452200,21.7989014400,21.9839229800,22.1016639600,5118264,66963598.0800,1.654000,1,-0.532700,17.264631,1.544148,2.106481,-97.906809,0
2025-08-08,sh.603339,21.8998222800,22.2025848000,21.7989014400,22.1184841000,21.9839229800,3845340,50340304.2400,1.242700,1,0.612100,17.370306,1.553600,2.119375,-98.506086,0
2025-08-11,sh.603339,22.1353042400,22.5221674600,22.0007431200,22.2698653600,22.1184841000,5910128,78136075.9200,1.909900,1,0.684400,17.489190,1.564233,2.133880,-99.180272,0
2025-08-12,sh.603339,22.3539660600,22.6230883000,22.1184841000,22.5894480200,22.2698653600,6836668,91151516.7200,2.209400,1,1.435000,17.740168,1.586680,2.164502,-100.603554,0
2025-08-13,sh.603339,22.5726278800,23.2454334800,22.5053473200,23.0435918000,22.5894480200,10744004,146097037.3000,3.472100,1,2.010400,18.096821,1.618579,2.208018,-102.626112,0
2025-08-14,sh.603339,22.7912897000,23.0435918000,22.0007431200,22.0512035400,23.0435918000,8035200,107071840.0800,2.596700,1,-4.306600,17.317468,1.548874,2.112928,-98.206448,0
2025-08-15,sh.603339,22.0343834000,22.5221674600,22.0007431200,22.2866855000,22.0512035400,6706680,89133307.3600,2.167400,1,1.067900,17.502399,1.565414,2.135492,-99.255182,0
2025-08-18,sh.603339,22.4380667600,24.5237641200,22.4380667600,24.5237641200,22.2866855000,18923739,268763309.1500,6.115500,1,10.037700,19.259244,1.722546,2.349847,-109.218155,0
2025-08-19,sh.603339,25.5666128000,26.9795045600,25.0283683200,26.9795045600,24.5237641200,41548667,637795176.0200,13.427000,1,10.013700,21.187810,1.895037,2.585154,-120.154952,0
2025-08-20,sh.603339,26.2898788200,29.6707269600,26.0207565800,27.1645261000,26.9795045600,46395364,772868360.6600,14.993300,1,0.685800,21.333113,1.908033,2.602882,-120.978957,0
2025-08-21,sh.603339,26.4580802200,29.6539068200,25.4993322400,28.4092164600,27.1645261000,49201065,796831086.0900,15.900000,1,4.582000,30.103690,2.033540,3.044716,-12.008055,0
2025-08-22,sh.603339,27.2990872200,28.3251157600,26.9458642800,27.4504684800,28.4092164600,37632313,613888297.9100,12.161400,1,-3.374800,29.087758,1.964912,2.941963,-11.602810,0
2025-08-25,sh.603339,26.9122240000,29.5866262600,26.0880371400,29.1829429000,27.4504684800,42222948,696092507.8100,13.644900,1,6.311300,30.923566,2.088923,3.127639,-12.335095,0
2025-08-26,sh.603339,28.9306408000,31.9078055800,27.9214324000,30.4276332600,29.1829429000,43191921,765911326.8900,13.958000,1,4.265100,32.242496,2.178018,3.261037,-12.861203,0
2025-08-27,sh.603339,29.6875471000,31.3695611000,27.5009289000,28.1905546400,30.4276332600,38102439,672999537.1900,12.313300,1,-7.352100,29.871986,2.017888,3.021281,-11.915631,0
2025-08-28,sh.603339,27.6186698800,28.4764970200,26.9963247000,28.3755761800,28.1905546400,28172658,464516311.3300,9.104400,1,0.656300,30.068044,2.031132,3.041111,-11.993836,0
2025-08-29,sh.603339,27.9382525400,28.0055331000,26.0880371400,26.1553177000,28.3755761800,27960978,446143197.8900,9.036000,1,-7.824500,27.715357,1.872205,2.803158,-11.055373,0
2025-09-01,sh.603339,26.1889579800,26.9122240000,25.6507135000,26.7776628800,26.1553177000,16208236,253170826.4800,5.237900,1,2.379400,28.374822,1.916753,2.869857,-11.318427,0
2025-09-02,sh.603339,26.7440226000,26.7440226000,25.1292891600,25.4656919600,26.7776628800,13684986,208706713.9200,4.422500,1,-4.899500,26.984599,1.822841,2.729248,-10.763881,0
2025-09-03,sh.603339,25.5497926600,26.3571593800,25.1797495800,25.8020947600,25.4656919600,15184246,233392588.5600,4.907000,1,1.321000,27.341066,1.846921,2.765301,-10.906072,0
2025-09-04,sh.603339,25.7011739200,25.7516343400,24.3723828600,24.6583252400,25.8020947600,11791580,175855871.6000,3.810600,1,-4.432900,26.129076,1.765050,2.642720,-10.422622,0
2025-09-05,sh.603339,24.6583252400,25.2133898600,24.2546418800,25.1965697200,24.6583252400,8854230,130858113.1600,2.861400,1,2.182800,26.699425,1.803578,2.700405,-10.650128,0
2025-09-08,sh.603339,25.2470301400,25.6843537800,25.0620086000,25.4320516800,25.1965697200,7502448,113412709.6800,2.424500,1,0.934600,26.948952,1.820433,2.725643,-10.749662,0
2025-09-09,sh.603339,25.4320516800,25.4993322400,24.5742245400,24.6078648200,25.4320516800,8962922,132595371.7000,2.896500,1,-3.240700,26.075606,1.761438,2.637312,-10.401293,0
2025-09-10,sh.603339,24.6583252400,25.5666128000,24.6583252400,25.2974905600,24.6078648200,9845048,147237815.9200,3.181600,1,2.802500,26.806365,1.810801,2.711221,-10.692785,0
2025-09-11,sh.603339,25.2470301400,25.9871163000,25.0788287400,25.8357350400,25.2974905600,11282308,171992412.9600,3.646000,1,2.127700,27.376713,1.849329,2.768907,-10.920291,0
2025-09-12,sh.603339,25.8189149000,25.8189149000,25.3984114000,25.4320516800,25.8357350400,8212880,124766145.7200,2.654100,1,-1.562500,26.948952,1.820433,2.725643,-10.749662,0
2025-09-15,sh.603339,25.7011739200,25.7011739200,24.7087856600,24.7256058000,25.4320516800,8152577,120493074.1800,2.634600,1,-2.777800,26.200370,1.769866,2.649930,-10.451060,0
2025-09-16,sh.603339,24.7256058000,25.0451884600,24.3723828600,25.0451884600,24.7256058000,6571636,96740056.1600,2.123700,1,1.292500,26.539014,1.792742,2.684181,-10.586142,0
2025-09-17,sh.603339,25.0451884600,25.2806704200,24.7256058000,24.9274474800,25.0451884600,5899320,87424165.6000,1.906400,1,-0.470100,26.414251,1.784314,2.671562,-10.536375,0
2025-09-18,sh.603339,24.8265266400,25.4656919600,24.3723828600,24.5574044000,24.9274474800,9143164,135547913.0800,2.954700,1,-1.484500,26.022136,1.757826,2.631904,-10.379965,0
2025-09-19,sh.603339,24.6751453800,24.8097065000,24.0528002000,24.1873613200,24.5574044000,6940272,100153469.8400,2.242800,1,-1.506800,25.630022,1.731338,2.592245,-10.223554,0
2025-09-22,sh.603339,24.0359800600,24.8097065000,24.0359800600,24.7256058000,24.1873613200,6031072,88040834.0800,1.949000,1,2.225300,26.200370,1.769866,2.649930,-10.451060,0
2025-09-23,sh.603339,24.6919655200,24.9779079000,23.7332175400,24.2546418800,24.7256058000,7755580,111522906.3600,2.506300,1,-1.904800,25.701315,1.736154,2.599455,-10.251992,0
2025-09-24,sh.603339,24.1369009000,24.5069439800,23.8341383800,24.5069439800,24.2546418800,4892461,70651346.5400,1.581100,1,1.040200,25.968666,1.754214,2.626496,-10.358636,0
2025-09-25,sh.603339,24.5069439800,24.6415051000,24.1705411800,24.3387425800,24.5069439800,4496000,65271103.0000,1.452900,1,-0.686300,25.790432,1.742174,2.608469,-10.287540,0
2025-09-26,sh.603339,24.2882821600,24.2882821600,23.7500376800,23.9182390800,24.3387425800,4673776,66816812.5200,1.510400,1,-1.727700,25.344848,1.712074,2.563402,-10.109801,0
2025-09-29,sh.603339,23.8845988000,24.2714620200,23.4809154400,23.5481960000,23.9182390800,8005296,113428115.4800,2.587000,1,-1.547100,24.952733,1.685586,2.523743,-9.953391,0
2025-09-30,sh.603339,23.5986564200,23.9518793600,23.5481960000,23.5481960000,23.5481960000,5131293,72235057.1600,1.658200,1,0.000000,24.952733,1.685586,2.523743,-9.953391,0
2025-10-09,sh.603339,23.6322967000,23.6827571200,22.9090306800,22.9426709600,23.5481960000,7835013,107802991.1200,2.532000,1,-2.571400,24.311092,1.642243,2.458847,-9.697446,0
2025-10-10,sh.603339,22.9763112400,23.3799946000,22.8922105400,23.0604119400,22.9426709600,4418420,60821683.2000,1.427900,1,0.513200,24.435855,1.650671,2.471466,-9.747213,0
2025-10-13,sh.603339,22.5558077400,23.0099515200,21.9671028400,22.9763112400,23.0604119400,4528000,60860545.5200,1.463300,1,-0.364700,24.346738,1.644651,2.462452,-9.711665,0
2025-10-14,sh.603339,23.0940522200,24.1705411800,22.9090306800,23.0940522200,22.9763112400,7999360,111775335.8400,2.585100,1,0.512400,24.471502,1.653079,2.475071,-9.761432,0
2025-10-15,sh.603339,23.3463543200,23.4472751600,22.9090306800,23.2454334800,23.0940522200,3966728,54678006.8800,1.281900,1,0.655500,24.631912,1.663915,2.491295,-9.825419,0
2025-10-16,sh.603339,23.3127140400,23.3127140400,22.6567285800,22.7912897000,23.2454334800,3677543,50047970.3400,1.188400,1,-1.953700,24.150681,1.631407,2.442623,-9.633460,0
2025-10-17,sh.603339,22.7240091400,23.0267716600,22.1689445200,22.1857646600,22.7912897000,4092548,54681552.5600,1.322600,1,-2.656800,23.509039,1.588063,2.377727,-9.377516,0
2025-10-20,sh.603339,22.4044264800,22.7071890000,22.2025848000,22.2698653600,22.1857646600,4985548,66456678.3200,1.611100,1,0.379100,23.598156,1.594083,2.386740,-9.413064,0
2025-10-21,sh.603339,22.3539660600,23.5145557200,22.0848438200,23.0435918000,22.2698653600,10092317,137383568.6900,3.261500,1,3.474300,24.418032,1.649467,2.469663,-9.740104,0
2025-10-22,sh.603339,22.9258508200,22.9258508200,22.6399084400,22.7408292800,23.0435918000,4002420,54125920.4800,1.293400,1,-1.313900,24.097211,1.627795,2.437215,-9.612132,0
2025-10-23,sh.603339,22.5894480200,22.7912897000,22.3203257800,22.7744695600,22.7408292800,3258428,43606588.0000,1.053000,1,0.147900,24.132858,1.630203,2.440820,-9.626351,0
2025-10-24,sh.603339,22.8081098400,23.1445126400,22.7240091400,22.9258508200,22.7744695600,3525440,48124824.0000,1.139300,1,0.664700,24.293268,1.641039,2.457044,-9.690337,0
2025-10-27,sh.603339,22.9258508200,23.7163974000,22.9258508200,23.2790737600,22.9258508200,5072576,70496048.3200,1.639300,1,1.540700,24.667559,1.666323,2.494900,-9.839638,0
2025-10-28,sh.603339,23.1445126400,23.5313758600,23.0604119400,23.2117932000,23.2790737600,3694300,51072008.0000,1.193900,1,-0.289000,27.358337,1.639561,2.569753,-39.353049,0
2025-10-29,sh.603339,23.1613327800,23.2286133400,22.6735487200,22.8585702600,23.2117932000,5041632,68467792.4000,1.629300,1,-1.521700,26.942015,1.614611,2.530648,-38.754199,0
2025-10-30,sh.603339,22.8249299800,22.8249299800,22.5389876000,22.5558077400,22.8585702600,3353184,45178076.1200,1.083600,1,-1.324500,26.585167,1.593226,2.497129,-38.240898,0
2025-10-31,sh.603339,22.5558077400,23.1276925000,22.4717070400,22.9090306800,22.5558077400,3471012,47356572.8000,1.121700,1,1.566000,27.001489,1.618176,2.536234,-38.839749,0
2025-11-03,sh.603339,23.0772320800,23.1613327800,22.8249299800,23.1613327800,22.9090306800,3144000,43032162.0000,1.016000,1,1.101300,27.298863,1.635997,2.564166,-39.267499,0
2025-11-04,sh.603339,23.1613327800,23.3463543200,22.6399084400,22.8585702600,23.1613327800,3901265,53230572.1000,1.260700,1,-1.307200,26.942015,1.614611,2.530648,-38.754199,0
2025-11-05,sh.603339,22.7240091400,23.1613327800,22.7071890000,23.1445126400,22.8585702600,3447033,47189879.8300,1.114000,1,1.250900,27.279038,1.634809,2.562304,-39.238983,0
2025-11-06,sh.603339,23.1445126400,23.5986564200,23.0604119400,23.4640953000,23.1445126400,5942285,82697104.3800,1.920300,1,1.380800,27.655710,1.657382,2.597685,-39.780800,0
2025-11-07,sh.603339,23.4640953000,23.4640953000,23.1276925000,23.3968147400,23.4640953000,3595900,49885715.0000,1.162100,1,-0.286700,27.576411,1.652630,2.590236,-39.666733,0
2025-11-10,sh.603339,23.4472751600,23.4640953000,23.1445126400,23.4640953000,23.3968147400,3546756,49186415.4500,1.146200,1,0.287600,27.655710,1.657382,2.597685,-39.780800,0
2025-11-11,sh.603339,23.4640953000,23.5818362800,23.2958939000,23.4640953000,23.4640953000,3251158,45347269.2000,1.050700,1,0.000000,27.655710,1.657382,2.597685,-39.780800,0
2025-11-12,sh.603339,23.4640953000,23.4640953000,23.0267716600,23.2286133400,23.4640953000,3479844,47944163.0000,1.124600,1,-1.003600,27.378162,1.640749,2.571615,-39.381566,0
2025-11-13,sh.603339,23.1949730600,23.3463543200,22.9763112400,23.2117932000,23.2286133400,3247688,44771612.6000,1.049500,1,-0.072400,27.358337,1.639561,2.569753,-39.353049,0
2025-11-14,sh.603339,23.0772320800,23.3463543200,23.0604119400,23.0772320800,23.2117932000,2342968,32351297.1600,0.757200,1,-0.579700,27.199738,1.630056,2.554856,-39.124916,0
2025-11-17,sh.603339,23.1949730600,23.1949730600,22.8922105400,23.0435918000,23.0772320800,3375695,46137881.5000,1.090900,1,-0.145800,27.160088,1.627680,2.551131,-39.067882,0
2025-11-18,sh.603339,23.0267716600,23.0267716600,22.5726278800,22.7240091400,23.0435918000,3060496,41371726.0800,0.989000,1,-1.386900,26.783416,1.605107,2.515751,-38.526065,0
2025-11-19,sh.603339,22.6567285800,22.7744695600,22.2194049400,22.2362250800,22.7240091400,3289649,43735427.3600,1.063100,1,-2.146600,26.208494,1.570652,2.461749,-37.699081,0
2025-11-20,sh.603339,22.2866855000,22.4212466200,21.8493618600,22.0007431200,22.2362250800,3355517,43950375.4900,1.084400,1,-1.059000,25.930946,1.554019,2.435679,-37.299847,0
2025-11-21,sh.603339,21.7820813000,22.0512035400,21.0251750000,21.2438368200,22.0007431200,4084464,51973353.6000,1.319900,1,-3.440400,25.038826,1.500555,2.351883,-36.016595,0
2025-11-24,sh.603339,21.3447576600,21.6475201800,21.2774771000,21.5297792000,21.2438368200,2752800,35155868.4800,0.889600,1,1.346000,25.375849,1.520752,2.383539,-36.501379,0
2025-11-25,sh.603339,21.5802396200,21.8998222800,21.5802396200,21.6475201800,21.5297792000,2321028,30030048.0000,0.750100,1,0.546900,25.514623,1.529069,2.396574,-36.700996,0
2025-11-26,sh.603339,21.6643403200,21.8661820000,21.3447576600,21.3615778000,21.6475201800,2556864,32835309.6000,0.826300,1,-1.320900,25.177600,1.508872,2.364918,-36.216212,0
2025-11-27,sh.603339,21.3615778000,21.7652611600,21.3447576600,21.4624986400,21.3615778000,4111960,52666641.2400,1.328800,1,0.472400,25.296550,1.516000,2.376090,-36.387312,0
2025-11-28,sh.603339,21.4961389200,21.6811604600,21.2438368200,21.6643403200,21.4624986400,2606935,33350316.1500,0.842500,1,0.940400,25.534448,1.530257,2.398436,-36.729513,0
2025-12-01,sh.603339,21.8325417200,21.9502827000,21.7148007400,21.7820813000,21.6643403200,2557200,33200298.0000,0.826400,1,0.543500,25.673222,1.538574,2.411471,-36.929130,0
2025-12-02,sh.603339,21.8493618600,21.8998222800,21.4961389200,21.6475201800,21.7820813000,2154008,27673059.1200,0.696100,1,-0.617800,25.514623,1.529069,2.396574,-36.700996,0
2025-12-03,sh.603339,21.7316208800,21.7316208800,21.3615778000,21.4624986400,21.6475201800,1884700,24043389.0000,0.609100,1,-0.854700,25.296550,1.516000,2.376090,-36.387312,0
2025-12-04,sh.603339,21.4624986400,21.5465993400,21.1933764000,21.3279375200,21.4624986400,1969872,25014744.2400,0.636600,1,-0.627000,25.137950,1.506495,2.361193,-36.159179,0
2025-12-05,sh.603339,21.3279375200,21.9166424200,21.1597361200,21.8661820000,21.3279375200,3360564,43230694.7600,1.086000,1,2.523700,25.772347,1.544514,2.420782,-37.071713,0
2025-12-08,sh.603339,21.7989014400,21.9671028400,21.6979806000,21.8157215800,21.8661820000,2486711,32278218.2200,0.803600,1,-0.230800,25.712872,1.540950,2.415195,-36.986163,0
2025-12-09,sh.603339,21.8493618600,22.0007431200,21.5970597600,21.6979806000,21.8157215800,2347744,30423087.6000,0.758700,1,-0.539700,25.574098,1.532633,2.402160,-36.786546,0
2025-12-10,sh.603339,21.6643403200,21.7484410200,21.4120382200,21.4793187800,21.6979806000,2091224,26796410.3200,0.675800,1,-1.007800,25.316374,1.517188,2.377952,-36.415829,0
2025-12-11,sh.603339,21.4793187800,21.7484410200,21.2774771000,21.3111173800,21.4793187800,2665436,33990278.9600,0.861400,1,-0.783100,25.118126,1.505307,2.359331,-36.130662,0
2025-12-12,sh.603339,21.3783979400,21.4961389200,21.2101965400,21.3111173800,21.3111173800,2201892,27977771.7600,0.711600,1,0.000000,25.118126,1.505307,2.359331,-36.130662,0
2025-12-15,sh.603339,21.5297792000,21.5297792000,21.1597361200,21.2774771000,21.3111173800,2363596,29982986.9200,0.763800,1,-0.157900,25.078476,1.502931,2.355607,-36.073629,0
2025-12-16,sh.603339,21.3447576600,21.3447576600,20.6214916400,20.7560527600,21.2774771000,3428700,42464741.2000,1.108000,1,-2.450600,24.463904,1.466100,2.297880,-35.189611,0
2025-12-17,sh.603339,20.5373909400,21.0756354200,20.5373909400,20.9747145800,20.7560527600,2870936,35534693.6800,0.927800,1,1.053500,24.721628,1.481545,2.322088,-35.560328,0
2025-12-18,sh.603339,21.0419951400,21.3615778000,20.8401534600,21.1260958400,20.9747145800,2383252,30014934.3200,0.770200,1,0.721700,24.900052,1.492238,2.338848,-35.816978,0
2025-12-19,sh.603339,21.1597361200,21.3952180800,21.1429159800,21.3783979400,21.1260958400,1986220,25166259.2000,0.641900,1,1.194300,25.197425,1.510060,2.366780,-36.244729,0
2025-12-22,sh.603339,21.3615778000,21.6307000400,21.3447576600,21.4624986400,21.3783979400,1903650,24356952.0000,0.615200,1,0.393400,25.296550,1.516000,2.376090,-36.387312,0
2025-12-23,sh.603339,21.4793187800,21.5297792000,21.2774771000,21.4961389200,21.4624986400,1804636,23020895.2400,0.583200,1,0.156700,25.336199,1.518376,2.379815,-36.444346,0
2025-12-24,sh.603339,21.5970597600,21.9334625600,21.4624986400,21.9166424200,21.4961389200,3762377,48801173.7600,1.215900,1,1.956200,25.831821,1.548078,2.426368,-37.157263,0
2025-12-25,sh.603339,22.0512035400,23.0099515200,22.0512035400,22.2698653600,21.9166424200,7111528,94621529.2800,2.298200,1,1.611700,26.248144,1.573028,2.465473,-37.756114,0
2025-12-26,sh.603339,22.1689445200,22.2530452200,21.8325417200,21.8998222800,22.2698653600,4322992,56623586.2400,1.397000,1,-1.661600,25.811996,1.546890,2.424506,-37.128747,0
2025-12-29,sh.603339,21.8998222800,22.0343834000,21.7652611600,21.9839229800,21.8998222800,2724128,35496486.2000,0.880300,1,0.384000,25.911121,1.552831,2.433817,-37.271330,0
2025-12-30,sh.603339,22.0175632600,22.0343834000,21.6979806000,21.6979806000,21.9839229800,2997052,38904365.5200,0.968500,1,-1.300700,25.574098,1.532633,2.402160,-36.786546,0
2025-12-31,sh.603339,21.6475201800,21.8661820000,21.4456785000,21.5802396200,21.6979806000,2347896,30097684.9200,0.758800,1,-0.542600,25.435324,1.524317,2.389125,-36.586929,0
2026-01-05,sh.603339,21.6475201800,21.6979806000,21.4288583600,21.5297792000,21.5802396200,3352508,42941510.3200,1.083400,1,-0.233800,25.375849,1.520752,2.383539,-36.501379,0
2026-01-06,sh.603339,21.6138799000,21.7820813000,21.5129590600,21.6979806000,21.5297792000,4127628,53073828.5200,1.333900,1,0.781300,25.574098,1.532633,2.402160,-36.786546,0
2026-01-07,sh.603339,21.8661820000,23.7500376800,21.4120382200,23.0940522200,21.6979806000,21197262,286138911.2200,6.850200,1,6.434100,27.219563,1.631245,2.556718,-39.153432,0
2026-01-08,sh.603339,23.0940522200,23.5481960000,22.6567285800,22.8753904000,23.0940522200,14832820,202845921.4800,4.793400,1,-0.946800,26.961840,1.615799,2.532510,-38.782715,0
2026-01-09,sh.603339,23.1276925000,23.1276925000,22.6062681600,22.7744695600,22.8753904000,8714895,117795736.8200,2.816300,1,-0.441200,26.842890,1.608671,2.521337,-38.611615,0
2026-01-12,sh.603339,22.9931313800,25.0451884600,22.8922105400,25.0451884600,22.7744695600,24430568,351637440.0800,7.895100,1,9.970500,29.519249,1.769063,2.772726,-42.461370,0
2026-01-13,sh.603339,25.4825121000,25.9030156000,23.9855196400,24.8938072000,25.0451884600,33533805,501049489.3900,10.836900,1,-0.604400,29.340825,1.758370,2.755967,-42.204720,0
2026-01-14,sh.603339,24.5069439800,25.0451884600,23.8845988000,24.2714620200,24.8938072000,20583933,299497965.7600,6.652000,1,-2.500000,28.607305,1.714411,2.687068,-41.149602,0
2026-01-15,sh.603339,24.2210016000,24.2378217400,23.7332175400,23.9014189400,24.2714620200,8408660,119592668.7100,2.717400,1,-1.524600,28.171157,1.688273,2.646101,-40.522234,0
2026-01-16,sh.603339,24.2041814600,24.2882821600,23.4304550200,23.6995772600,23.9014189400,10516208,148654559.0400,3.398500,1,-0.844500,27.933259,1.674016,2.623755,-40.180034,0
2026-01-19,sh.603339,23.5818362800,23.9686995000,23.5481960000,23.9686995000,23.6995772600,7924226,112086186.0600,2.560800,1,1.135600,28.250457,1.693025,2.653549,-40.636301,0
2026-01-20,sh.603339,24.1032606200,24.1369009000,23.4304550200,23.5986564200,23.9686995000,6345346,89694809.6200,2.050600,1,-1.543900,27.814310,1.666887,2.612582,-40.008934,0
2026-01-21,sh.603339,23.3799946000,23.7500376800,23.3127140400,23.7500376800,23.5986564200,5496800,77013160.6800,1.776400,1,0.641500,27.992733,1.677580,2.629341,-40.265584,0
2026-01-22,sh.603339,23.9182390800,23.9182390800,23.6491168400,23.7500376800,23.7500376800,4405060,62224730.6800,1.423600,1,0.000000,27.992733,1.677580,2.629341,-40.265584,0
2026-01-23,sh.603339,23.8004981000,24.2714620200,23.7332175400,24.2041814600,23.7500376800,8005368,114260815.0000,2.587000,1,1.912200,28.528005,1.709658,2.679619,-41.035535,0
2026-01-26,sh.603339,24.3555627200,24.3723828600,23.4809154400,23.6491168400,24.2041814600,6875740,97272640.9200,2.222000,1,-2.293300,27.873784,1.670451,2.618169,-40.094484,0
2026-01-27,sh.603339,23.5818362800,23.7332175400,22.8417501200,23.5818362800,23.6491168400,4992448,69128715.5600,1.613400,1,-0.284500,27.794485,1.665699,2.610720,-39.980417,0
2026-01-28,sh.603339,23.5145557200,24.2041814600,22.8417501200,24.0359800600,23.5818362800,10888240,153125134.2000,3.518700,1,1.925800,28.329756,1.697777,2.660998,-40.750368,0
2026-01-29,sh.603339,23.8677786600,23.8677786600,23.3968147400,23.4640953000,24.0359800600,5671492,79425241.1200,1.832800,1,-2.379300,27.655710,1.657382,2.597685,-39.780800,0
2026-01-30,sh.603339,23.3968147400,23.4472751600,22.8753904000,22.8922105400,23.4640953000,4610180,63180512.1600,1.489800,1,-2.437300,26.981664,1.616988,2.534372,-38.811232,0
2026-02-02,sh.603339,22.8922105400,23.1108723600,22.6230883000,22.7912897000,22.8922105400,3229500,44035171.0000,1.043700,1,-0.440900,26.862715,1.609859,2.523199,-38.640132,0
2026-02-03,sh.603339,22.8753904000,23.1949730600,22.8417501200,23.1276925000,22.7912897000,3122272,42805423.2000,1.009000,1,1.476000,27.259213,1.633621,2.560442,-39.210466,0
2026-02-04,sh.603339,23.0940522200,23.2790737600,22.9931313800,23.2117932000,23.1276925000,2532588,34846465.3200,0.818400,1,0.363600,27.358337,1.639561,2.569753,-39.353049,0
2026-02-05,sh.603339,23.0435918000,23.2117932000,22.8922105400,23.1108723600,23.2117932000,2655980,36401038.8000,0.858300,1,-0.434800,27.239388,1.632433,2.558580,-39.181949,0
2026-02-06,sh.603339,23.0435918000,23.3968147400,22.8922105400,23.2286133400,23.1108723600,2572012,35506065.0200,0.831200,1,0.509500,27.378162,1.640749,2.571615,-39.381566,0
2026-02-09,sh.603339,23.3968147400,23.5986564200,23.3295341800,23.5313758600,23.2286133400,2724691,38052444.6700,0.880500,1,1.303400,27.735010,1.662135,2.605134,-39.894867,0
2026-02-10,sh.603339,23.5650161400,23.7332175400,23.4809154400,23.7332175400,23.5313758600,3745328,52612902.9400,1.210400,1,0.857800,27.972909,1.676392,2.627479,-40.237067,0
2026-02-11,sh.603339,23.7163974000,24.1873613200,23.6154765600,23.6154765600,23.7332175400,4324540,61258371.4400,1.397500,1,-0.496100,27.834134,1.668075,2.614444,-40.037450,0
2026-02-12,sh.603339,23.6154765600,24.3051023000,23.5145557200,24.0191599200,23.6154765600,7063900,100702941.9600,2.282800,1,1.709400,28.309932,1.696589,2.659136,-40.721851,0
2026-02-13,sh.603339,24.0191599200,24.0359800600,23.5145557200,23.5650161400,24.0191599200,4231136,59699270.8400,1.367300,1,-1.890800,27.774660,1.664511,2.608858,-39.951900,0
2026-02-24,sh.603339,23.6827571200,23.8341383800,23.4809154400,23.8173182400,23.5650161400,3892996,54810609.0400,1.258100,1,1.070700,28.072033,1.682332,2.636790,-40.379651,0
2026-02-25,sh.603339,23.7668578200,23.8677786600,23.7500376800,23.8173182400,23.8173182400,3564544,50484474.6000,1.151900,1,0.000000,28.072033,1.682332,2.636790,-40.379651,0
2026-02-26,sh.603339,23.8004981000,24.1369009000,23.7332175400,24.1200807600,23.8173182400,5377766,76731427.4800,1.737900,1,1.271200,28.428881,1.703718,2.670308,-40.892951,0
2026-02-27,sh.603339,24.2041814600,24.2041814600,23.7500376800,23.9350592200,24.1200807600,4307386,61179441.8000,1.392000,1,-0.767100,28.210807,1.690649,2.649825,-40.579268,0
2026-03-02,sh.603339,23.4472751600,23.7163974000,23.1108723600,23.2286133400,23.9350592200,5405416,75076534.2400,1.746800,1,-2.951500,27.378162,1.640749,2.571615,-39.381566,0
2026-03-03,sh.603339,23.3127140400,23.4640953000,22.2025848000,22.2866855000,23.2286133400,5472497,74162365.0200,1.768500,1,-4.055000,26.267969,1.574216,2.467335,-37.784631,0
2026-03-04,sh.603339,21.8830021400,22.3539660600,21.8830021400,21.9839229800,22.2866855000,3525876,46303348.6800,1.139400,1,-1.358500,25.911121,1.552831,2.433817,-37.271330,0
2026-03-05,sh.603339,22.3203257800,22.6567285800,22.3203257800,22.4717070400,21.9839229800,3227996,43168765.3200,1.043200,1,2.218800,26.486042,1.587285,2.487819,-38.098315,0
2026-03-06,sh.603339,22.3876063400,22.9090306800,22.3876063400,22.8922105400,22.4717070400,2453452,33205092.1200,0.792900,1,1.871300,26.981664,1.616988,2.534372,-38.811232,0
2026-03-09,sh.603339,22.7408292800,22.8585702600,22.1857646600,22.7240091400,22.8922105400,3435542,45978545.0000,1.110200,1,-0.734800,26.783416,1.605107,2.515751,-38.526065,0
2026-03-10,sh.603339,22.8753904000,23.4977355800,22.8753904000,23.4809154400,22.7240091400,4012265,55521833.6700,1.296600,1,3.330900,27.675535,1.658571,2.599547,-39.809317,0
2026-03-11,sh.603339,23.5145557200,23.6154765600,23.1613327800,23.2454334800,23.4809154400,2809639,38974281.3500,0.908000,1,-1.002900,27.397987,1.641937,2.573477,-39.410083,0
2026-03-12,sh.603339,23.1949730600,23.3799946000,22.7576494200,22.7744695600,23.2454334800,2804420,38317079.4000,0.906300,1,-2.026000,26.842890,1.608671,2.521337,-38.611615,0
2026-03-13,sh.603339,22.6567285800,23.0772320800,22.5726278800,22.6399084400,22.7744695600,2568920,34825744.8000,0.830200,1,-0.590800,26.684291,1.599166,2.506440,-38.383482,0
2026-03-16,sh.603339,22.5558077400,22.7240091400,22.3035056400,22.6567285800,22.6399084400,2535292,33897504.8400,0.819300,1,0.074300,26.704116,1.600354,2.508302,-38.411998,0
2026-03-17,sh.603339,22.6567285800,22.6567285800,22.1857646600,22.2025848000,22.6567285800,2425460,32300228.8000,0.783800,1,-2.004500,26.168844,1.568276,2.458025,-37.642047,0
2026-03-18,sh.603339,22.2025848000,22.4380667600,22.0680236800,22.4212466200,22.2025848000,1824044,24134452.3200,0.589500,1,0.984800,26.426568,1.583721,2.482232,-38.012764,0
2026-03-19,sh.603339,22.3035056400,22.6062681600,21.9839229800,22.0343834000,22.4212466200,2897724,38325292.2000,0.936400,1,-1.725400,25.970596,1.556395,2.439403,-37.356880,0
2026-03-20,sh.603339,22.0343834000,22.2530452200,21.4624986400,21.4961389200,22.0343834000,3374928,43558307.3600,1.090700,1,-2.442700,25.336199,1.518376,2.379815,-36.444346,0
2026-03-23,sh.603339,21.1597361200,21.2942972400,19.8141249200,19.9150457600,21.4961389200,5446914,66354046.0600,1.760200,1,-7.355200,23.472660,1.406696,2.204773,-33.763776,0
2026-03-24,sh.603339,20.3187291200,20.8233333200,20.0664270200,20.7896930400,19.9150457600,3291880,39971197.9600,1.063800,1,4.391900,24.503554,1.468477,2.301605,-35.246644,0
2026-03-25,sh.603339,21.0756354200,21.1597361200,20.7896930400,21.0756354200,20.7896930400,2202620,27551220.2000,0.711800,1,1.375400,24.840577,1.488674,2.333261,-35.731428,0
2026-03-26,sh.603339,21.2942972400,21.9166424200,21.1429159800,21.2438368200,21.0756354200,4872528,62389237.1200,1.574600,1,0.798100,25.038826,1.500555,2.351883,-36.016595,0
2026-03-27,sh.603339,20.8401534600,21.6979806000,20.8065131800,21.6475201800,21.2438368200,2894012,36938874.5200,0.935200,1,1.900200,25.514623,1.529069,2.396574,-36.700996,0
2026-03-30,sh.603339,21.5970597600,21.7652611600,21.2774771000,21.6475201800,21.6475201800,1776468,22748653.9200,0.574100,1,0.000000,25.514623,1.529069,2.396574,-36.700996,0
2026-03-31,sh.603339,21.6811604600,21.7820813000,21.3111173800,21.3279375200,21.6475201800,2008788,25717935.8800,0.649200,1,-1.476300,25.137950,1.506495,2.361193,-36.159179,0
2026-04-01,sh.603339,21.5465993400,21.6979806000,21.4456785000,21.6979806000,21.3279375200,1675300,21499366.0000,0.541400,1,1.735000,25.574098,1.532633,2.402160,-36.786546,0
2026-04-02,sh.603339,21.6307000400,22.0007431200,21.5129590600,21.7484410200,21.6979806000,3246680,42014664.2000,1.049200,1,0.232600,25.633572,1.536198,2.407747,-36.872096,0
2026-04-03,sh.603339,21.8493618600,21.8830021400,21.4456785000,21.5129590600,21.7484410200,1777600,22813457.8000,0.574500,1,-1.082800,25.356024,1.519564,2.381677,-36.472862,0
2026-04-07,sh.603339,21.4456785000,21.4961389200,21.1597361200,21.3783979400,21.5129590600,1959890,24878858.4600,0.633400,1,-0.625500,25.197425,1.510060,2.366780,-36.244729,0
2026-04-08,sh.603339,21.6307000400,21.9334625600,21.6138799000,21.9334625600,21.3783979400,2776368,35987139.2800,0.897200,1,2.596400,25.851646,1.549267,2.428230,-37.185780,0
2026-04-09,sh.603339,21.9671028400,21.9671028400,21.4961389200,21.5465993400,21.9334625600,1953588,25145793.3600,0.631300,1,-1.763800,25.395674,1.521940,2.385401,-36.529896,0
2026-04-10,sh.603339,21.6811604600,22.0175632600,21.6643403200,21.8830021400,21.5465993400,2251112,29295534.2800,0.727500,1,1.561300,25.792172,1.545702,2.422644,-37.100230,0
2026-04-13,sh.603339,21.8830021400,22.3035056400,21.7148007400,21.9671028400,21.8830021400,2203292,28730263.1600,0.712000,1,0.384300,25.891296,1.551643,2.431955,-37.242813,0
2026-04-14,sh.603339,22.0848438200,22.1353042400,21.8661820000,22.1353042400,21.9671028400,2034824,26563047.1600,0.657600,1,0.765700,26.089545,1.563524,2.450576,-37.527980,0
2026-04-15,sh.603339,22.1689445200,22.2025848000,21.9334625600,22.0512035400,22.1353042400,1885792,24751226.1600,0.609400,1,-0.379900,25.990420,1.557583,2.441265,-37.385397,0
2026-04-16,sh.603339,22.0343834000,22.2866855000,21.9334625600,22.2530452200,22.0512035400,2025978,26649366.2600,0.654700,1,0.915300,26.228319,1.571840,2.463611,-37.727597,0
2026-04-17,sh.603339,22.3371459200,22.6567285800,22.0680236800,22.5221674600,22.2530452200,2882908,38422038.4100,0.931600,1,1.209400,26.545517,1.590850,2.493405,-38.183865,0
2026-04-20,sh.603339,22.5221674600,23.1276925000,22.3203257800,23.1108723600,22.5221674600,3768654,51107454.5400,1.217900,1,2.613900,27.239388,1.632433,2.558580,-39.181949,0
2026-04-21,sh.603339,22.8417501200,23.6154765600,22.7071890000,23.5313758600,23.1108723600,8942293,124137282.0800,2.889800,1,1.819500,27.735010,1.662135,2.605134,-39.894867,0
2026-04-22,sh.603339,23.3968147400,23.4977355800,22.8753904000,23.1276925000,23.5313758600,6574786,90247271.8200,2.124700,1,-1.715500,27.555433,1.601809,2.516349,17.595944,0
2026-04-23,sh.603339,23.3463543200,23.5313758600,23.0435918000,23.2790737600,23.1276925000,5889136,81492650.0400,1.903200,1,0.654500,27.735796,1.612294,2.532820,17.711117,0
2026-04-24,sh.603339,23.0604119400,23.2286133400,22.6903688600,23.1108723600,23.2790737600,3214228,43988400.6800,1.038700,1,-0.722500,27.535392,1.600644,2.514519,17.583147,0
2026-04-27,sh.603339,23.1949730600,23.3295341800,22.8753904000,23.0772320800,23.1108723600,2741600,37557871.9200,0.886000,1,-0.145600,27.495312,1.598314,2.510859,17.557553,0
2026-04-28,sh.603339,22.9763112400,23.0940522200,22.6735487200,22.7071890000,23.0772320800,2921483,39634428.9700,0.944100,1,-1.603500,27.054425,1.572685,2.470598,17.276018,0
2026-04-29,sh.603339,22.6230883000,23.0435918000,22.5558077400,22.8585702600,22.7071890000,2368562,32237758.9800,0.765400,1,0.666700,27.234788,1.583170,2.487068,17.391191,0
2026-04-30,sh.603339,22.7071890000,23.0604119400,22.5894480200,22.9931313800,22.8585702600,2174806,29590581.2900,0.702800,1,0.588700,28.611836,1.567220,2.578917,77.935754,0
2026-05-06,sh.603339,23.1276925000,23.7163974000,22.9594911000,23.3799946000,22.9931313800,5852179,81272351.3400,1.891200,1,1.682500,29.093235,1.593589,2.622308,79.247036,0
2026-05-07,sh.603339,23.3127140400,23.4136348800,23.1445126400,23.3968147400,23.3799946000,3587604,49663494.3200,1.159400,1,0.071900,29.114165,1.594735,2.624194,79.304048,0
2026-05-08,sh.603339,23.3968147400,23.3968147400,23.1445126400,23.2958939000,23.3968147400,2633624,36431990.3600,0.851100,1,-0.431300,28.988583,1.587857,2.612875,78.961975,0
2026-05-11,sh.603339,23.4809154400,23.6659369800,23.2117932000,23.6322967000,23.2958939000,5244188,73153833.2000,1.694700,1,1.444000,29.407190,1.610786,2.650606,80.102220,0
2026-05-12,sh.603339,24.2041814600,24.5742245400,23.7500376800,23.9518793600,23.6322967000,13504388,193520216.5900,4.364100,1,1.352300,29.804868,1.632569,2.686451,81.185453,0
2026-05-13,sh.603339,23.6322967000,23.6827571200,23.1276925000,23.2286133400,23.9518793600,8701796,120387380.6400,2.812100,1,-3.019700,28.904861,1.583271,2.605329,78.733926,0
2026-05-14,sh.603339,23.2286133400,23.3799946000,22.7576494200,22.8249299800,23.2286133400,4838692,66146184.4800,1.563700,1,-1.737900,28.402532,1.555755,2.560052,77.365632,0
2026-05-15,sh.603339,22.8249299800,23.1781529200,22.7240091400,22.8585702600,22.8249299800,3544588,48319204.0400,1.145500,1,0.147400,28.444393,1.558048,2.563825,77.479656,0
2026-05-18,sh.603339,22.8922105400,22.8922105400,22.3876063400,22.8585702600,22.8585702600,4066120,54680371.0000,1.314000,1,0.000000,28.444393,1.558048,2.563825,77.479656,0
2026-05-19,sh.603339,22.8417501200,23.0435918000,22.3707862000,23.0099515200,22.8585702600,3298456,44562865.2800,1.065900,1,0.662300,28.632766,1.568367,2.580804,77.992766,0
2026-05-20,sh.603339,22.9763112400,22.9763112400,22.4212466200,22.6230883000,23.0099515200,3086464,41420643.1600,0.997400,1,-1.681300,28.151367,1.541998,2.537413,76.681484,0
2026-05-21,sh.603339,22.8417501200,23.0940522200,21.8661820000,21.9839229800,22.6230883000,4409644,59251127.9600,1.425000,1,-2.825300,27.356013,1.498432,2.465724,74.515019,0
2026-05-22,sh.603339,22.3876063400,22.6735487200,21.9671028400,22.5221674600,21.9839229800,3314897,44037450.6600,1.071300,1,2.448400,28.025785,1.535119,2.526094,76.339411,0
2026-05-25,sh.603339,22.6062681600,22.8753904000,22.4717070400,22.6903688600,22.5221674600,2735664,36825717.8500,0.884100,1,0.746800,28.235089,1.546584,2.544959,76.909533,0
2026-05-26,sh.603339,22.5726278800,22.6735487200,21.9839229800,22.2025848000,22.6903688600,3655430,48172527.9800,1.181300,1,-2.149700,27.628108,1.513336,2.490249,75.256178,0
2026-05-27,sh.603339,22.1184841000,22.1521243800,21.1933764000,21.2774771000,22.2025848000,4754700,60579446.8000,1.536500,1,-4.166700,26.476937,1.450281,2.386489,72.120504,0
2026-05-28,sh.603339,21.1933764000,21.8325417200,21.0924555600,21.7316208800,21.2774771000,3189033,40937011.3100,1.030600,1,2.134400,27.042057,1.481235,2.437426,73.659835,0
2026-05-29,sh.603339,21.7820813000,21.9839229800,21.2101965400,21.3447576600,21.7316208800,3320814,42472499.7000,1.073200,1,-1.780200,26.560658,1.454866,2.394035,72.348553,0
2026-06-01,sh.603339,21.3447576600,21.9839229800,21.2270166800,21.8325417200,21.3447576600,2770688,35754368.6800,0.895400,1,2.285300,27.167639,1.488114,2.448745,74.001908,0
2026-06-02,sh.603339,21.8325417200,21.9166424200,21.3783979400,21.5802396200,21.8325417200,2303180,29552117.4000,0.744300,1,-1.155600,26.853684,1.470917,2.420447,73.146725,0
2026-06-03,sh.603339,21.5970597600,22.4044264800,21.3111173800,21.9671028400,21.5802396200,5645407,73676655.5500,1.824400,1,1.792700,27.335082,1.497286,2.463837,74.458006,0
2026-06-04,sh.603339,21.9334625600,22.8922105400,21.8157215800,22.8922105400,21.9671028400,8177165,109817679.1300,2.642600,1,4.211300,28.486254,1.560341,2.567598,77.593681,0
2026-06-05,sh.603339,22.9258508200,22.9594911000,21.8661820000,22.3539660600,22.8922105400,6672396,88134729.2200,2.156300,1,-2.351200,27.816481,1.523654,2.507228,75.769288,0
2026-06-08,sh.603339,21.8998222800,22.6735487200,21.7148007400,22.1184841000,22.3539660600,4899071,64643403.5200,1.583200,1,-1.053400,27.523456,1.507604,2.480816,74.971117,0
2026-06-09,sh.603339,22.3035056400,22.3203257800,21.7652611600,22.0343834000,22.1184841000,3911746,51047651.4800,1.264100,1,-0.380200,27.418804,1.501872,2.471384,74.686056,0
2026-06-10,sh.603339,21.8830021400,22.0175632600,21.3279375200,21.6979806000,22.0343834000,3744496,48036986.4400,1.210100,1,-1.526700,27.000196,1.478942,2.433652,73.545810,0
2026-06-11,sh.603339,21.6643403200,21.6979806000,20.8737937400,21.3783979400,21.6979806000,2701195,34076876.3100,0.872900,1,-1.472900,26.602519,1.457159,2.397808,72.462578,0
2026-06-12,sh.603339,21.4961389200,21.7484410200,21.2101965400,21.4120382200,21.3783979400,2473868,31635844.2000,0.799500,1,0.157400,26.644380,1.459452,2.401581,72.576602,0
2026-06-15,sh.603339,21.5129590600,21.8493618600,21.4288583600,21.6811604600,21.4120382200,2278932,29340164.8800,0.736500,1,1.256900,26.979266,1.477796,2.431766,73.488798,0
2026-06-16,sh.603339,21.7484410200,21.7484410200,21.0419951400,21.5634194800,21.6811604600,3216642,40925819.5600,1.039500,1,-0.543100,26.832753,1.469770,2.418560,73.089712,0
2026-06-17,sh.603339,21.5297792000,22.1184841000,21.3615778000,21.5465993400,21.5634194800,3229060,41428203.5600,1.043500,1,-0.078000,26.811823,1.468624,2.416674,73.032700,0
2026-06-18,sh.603339,21.5465993400,22.9258508200,21.1260958400,22.7408292800,21.5465993400,9099825,121130559.9900,2.940700,1,5.542500,28.297880,1.550023,2.550619,77.080570,0
2026-06-22,sh.603339,22.7408292800,23.5481960000,22.2362250800,23.2622536200,22.7408292800,11302449,155159746.3500,3.652500,1,2.292900,28.946722,1.585564,2.609102,78.847950,0
2026-06-23,sh.603339,23.8509585200,25.2470301400,23.8509585200,24.4901238400,23.2622536200,23681003,346630085.4400,7.652800,1,5.278400,30.474640,1.669256,2.746820,83.009845,0
2026-06-24,sh.603339,24.2546418800,26.0207565800,24.2546418800,25.9030156000,24.4901238400,28573166,433970648.7800,9.233800,1,5.769200,32.232792,1.765559,2.905291,87.798874,0
2026-06-25,sh.603339,25.3647711200,25.6507135000,24.3723828600,24.9442676200,25.9030156000,18783318,280154010.0500,6.070100,1,-3.701300,31.039760,1.700210,2.797757,84.549176,0
2026-06-26,sh.603339,24.8097065000,25.0115481800,23.9182390800,23.9855196400,24.9442676200,13351411,193203940.6400,4.314700,1,-3.843600,29.846729,1.634862,2.690224,81.299477,0
2026-06-29,sh.603339,24.1537210400,24.2378217400,22.8081098400,23.1445126400,23.9855196400,11955283,165406786.0900,3.863500,1,-3.506300,28.800209,1.577538,2.595896,78.448864,0
2026-06-30,sh.603339,23.1613327800,25.4656919600,22.8753904000,24.0359800600,23.1445126400,20400189,293278709.4800,6.592600,1,3.851700,29.909520,1.638301,2.695883,81.470514,0
2026-07-01,sh.603339,24.0696203400,24.8601669200,23.8341383800,24.3219224400,24.0359800600,17664713,255445854.4700,5.708600,1,1.189600,30.265336,1.657791,2.727955,82.439722,0
2026-07-02,sh.603339,24.0528002000,24.8097065000,23.8845988000,24.0191599200,24.3219224400,10920550,158353586.0200,3.529100,1,-1.244800,29.888589,1.637155,2.693997,81.413502,0
2026-07-03,sh.603339,23.6827571200,24.4901238400,23.6827571200,24.0696203400,24.0191599200,9043474,129503164.6000,2.922500,1,0.210100,29.951380,1.640594,2.699656,81.584538,0
2026-07-06,sh.603339,24.2714620200,25.1461093000,23.9350592200,25.1461093000,24.0696203400,18642320,274388890.8200,6.024500,1,4.472400,31.290925,1.713968,2.820396,85.233323,0
2026-07-07,sh.603339,24.9610877600,25.0620086000,23.5818362800,23.6491168400,25.1461093000,15152038,216189166.0600,4.896600,1,-5.953200,29.428121,1.611932,2.652493,80.159232,0
2026-07-08,sh.603339,23.6491168400,26.0207565800,23.2117932000,26.0207565800,23.6491168400,33899125,510046756.4400,10.954900,1,10.028400,32.379305,1.773584,2.918496,88.197960,0
2026-07-09,sh.603339,26.3739795200,26.4749003600,25.2638502800,25.7852746200,26.0207565800,35124139,535890366.4000,11.350800,1,-0.905000,32.086280,1.757534,2.892085,87.399789,0
2026-07-10,sh.603339,25.2302100000,27.4841087600,25.2302100000,27.3327275000,25.7852746200,37356265,586428570.5000,12.072200,1,6.001300,34.011875,1.863009,3.065648,92.644916,0
2026-07-13,sh.603339,26.3571593800,27.2318066600,25.8189149000,26.8785837200,27.3327275000,26059146,410205862.3200,8.421400,1,-1.661500,33.446755,1.832054,3.014711,91.105585,0
2026-07-14,sh.603339,26.3235191000,26.4076198000,24.1873613200,24.1873613200,26.8785837200,23130700,337105283.9600,7.475000,1,-10.012500,30.097893,1.648619,2.712862,81.983624,0
2026-07-15,sh.603339,23.4640953000,23.4640953000,21.7652611600,21.7652611600,24.1873613200,20230936,264583683.8400,6.537900,1,-10.013900,27.083918,1.483528,2.441199,73.773859,0
2026-07-16,sh.603339,20.9410743000,21.3279375200,20.3187291200,20.5037506600,21.7652611600,16719661,206862225.1200,5.403200,1,-5.796000,25.514139,1.397543,2.299707,69.497940,0
2026-07-17,sh.603339,20.4701103800,20.6551319200,19.4272617000,19.4272617000,20.5037506600,15765748,185467649.1600,5.094900,1,-5.250200,24.174594,1.324169,2.178968,65.849156,0
2026-07-20,sh.603339,19.5786429600,19.6459235200,17.7284275600,17.9807296600,19.4272617000,13807860,153547214.3700,4.462200,1,-7.445900,22.374581,1.225573,2.016724,60.946102,0
2026-07-21,sh.603339,18.1657512000,19.4945422600,17.5434060200,19.0067582000,17.9807296600,13441012,147646853.4300,4.343600,1,5.706300,23.651335,1.295507,2.131804,64.423849,0
2026-07-22,sh.603339,18.9897118800,19.0919904000,18.5635513800,18.7510620000,19.0067583000,6506312,71943862.8100,2.102600,1,-1.345300,23.023423,1.261113,2.075208,62.713482,0
2026-07-23,sh.603339,18.8362941000,19.5863365800,18.6146906400,19.5351973200,18.7510620000,6999764,79022983.8400,2.262100,1,4.181800,23.986221,1.313851,2.161989,65.336046,0
2026-07-24,sh.603339,19.3476867000,19.7568007800,19.2454081800,19.3647331200,19.5351973200,5642607,64664960.4400,1.823500,1,-0.872600,23.776917,1.302386,2.143123,64.765923,0
2026-07-27,sh.603339,19.3306402800,19.9954506600,19.2795010200,19.9954506600,19.3647331200,5272774,60953950.0400,1.704000,1,3.257000,24.551341,1.344806,2.212926,66.875376,0
2026-07-28,sh.603339,19.7568007800,20.5920753600,19.6886151000,19.9954506600,19.9954506600,7085324,83882858.0000,2.289700,1,0.000000,24.551341,1.344806,2.212926,66.875376,0
2026-07-29,sh.603339,20.4386575800,21.0011894400,20.1147756000,20.7966324000,19.9954506600,9679008,116975025.3600,3.127900,1,4.006800,22.027924,1.353672,2.103590,20.264128,0
2026-07-30,sh.603339,20.7114003000,21.2057464800,20.6602610400,21.0523287000,20.7966324000,7897292,96911319.8800,2.552100,1,1.229500,22.298759,1.370315,2.129453,20.513277,0
2026-07-31,sh.603339,21.2739321600,21.8194176000,20.8307252400,21.7512319200,21.0523287000,8382094,105703562.5700,2.708800,1,3.319800,23.039042,1.415807,2.200148,21.194285,0
2026-08-03,sh.603339,21.6489534000,22.3137637800,21.3250714200,22.3137637800,21.7512319200,7480422,96235862.1600,2.417400,1,2.586200,23.634879,1.452423,2.257048,21.742413,0
2026-08-04,sh.603339,22.3137637800,22.5865065000,21.9898818000,22.4671815600,22.3137637800,8417366,110002528.0400,2.720200,1,0.687500,23.797380,1.462409,2.272567,21.891902,0
2026-08-05,sh.603339,22.4671815600,23.4558739200,22.3478566200,23.3535954000,22.4671815600,10760463,145744200.9300,3.477400,1,3.945400,24.736275,1.520107,2.362228,22.755619,0
2026-08-06,sh.603339,23.5922452800,23.7797559000,23.2854097200,23.7627094800,23.3535954000,10881891,150434596.1200,3.516600,1,1.751800,25.169612,1.546736,2.403610,23.154258,0
2026-08-07,sh.603339,23.6945238000,24.3934270200,23.5751988600,24.3593341800,23.7627094800,9664175,136171272.9600,3.123100,1,2.510800,25.801560,1.585571,2.463959,23.735606,0
2026-08-10,sh.603339,24.3252413400,24.4445662800,23.7797559000,23.8820344200,24.3593341800,10183067,144520329.1100,3.290800,1,-1.959400,25.296001,1.554503,2.415680,23.270527,0
2026-08-11,sh.603339,23.7456630600,23.9672665200,23.1490383600,23.5751988600,23.8820344200,10818989,149812490.6200,3.496300,1,-1.284800,24.970999,1.534531,2.384643,22.971548,0
2026-08-12,sh.603339,23.5751988600,24.1206843000,23.4217810800,23.9672665200,23.5751988600,6583566,91886255.3200,2.127600,1,1.663100,25.386280,1.560051,2.424301,23.353577,0
2026-08-13,sh.603339,23.9161272600,24.1036378800,23.4729203400,23.5070131800,23.9672665200,7195180,99953773.3900,2.325200,1,-1.920300,24.898776,1.530093,2.377746,22.905109,0
2026-08-14,sh.603339,23.5411060200,23.6433845400,23.1831312000,23.4217810800,23.5070131800,5020008,68921794.0400,1.622300,1,-0.362600,24.808498,1.524545,2.369125,22.822059,0
2026-08-17,sh.603339,23.4217810800,24.1036378800,23.3024561400,24.1036378800,23.4217810800,6621897,92289148.7900,2.140000,1,2.911200,25.530725,1.568928,2.438095,23.486456,0
2026-08-18,sh.603339,24.0865914600,24.3252413400,23.8820344200,24.2741020800,24.1036378800,5859168,83002924.7400,1.893500,1,0.707200,25.711282,1.580023,2.455337,23.652556,0
2026-08-19,sh.603339,24.0354522000,24.1206843000,23.4047346600,23.4899667600,24.2741020800,7091613,98800549.1200,2.291700,1,-3.230300,24.880721,1.528983,2.376022,22.888499,0
2026-08-20,sh.603339,23.6945238000,23.9161272600,23.3535954000,23.5240596000,23.4899667600,5417212,75045504.6600,1.750600,1,0.145100,24.916832,1.531202,2.379470,22.921718,0
2026-08-21,sh.603339,23.4047346600,23.8649880000,23.0978991000,23.7286166400,23.5240596000,4658835,64379527.4800,1.505600,1,0.869600,25.133500,1.544517,2.400161,23.121038,0
2026-08-24,sh.603339,23.7115702200,24.0184057800,23.2513168800,23.5411060200,23.7286166400,4830444,66681002.8800,1.561000,1,-0.790200,24.934888,1.532312,2.381195,22.938328,0
2026-08-25,sh.603339,23.3876882400,24.5809376400,23.1490383600,24.3934270200,23.5411060200,10234873,145172238.5400,3.307500,1,3.620600,25.837672,1.587790,2.467407,23.768825,0
2026-08-26,sh.603339,24.4104734400,24.5297983800,24.2229628200,24.3422877600,24.3934270200,5854709,83674418.7200,1.892000,1,-0.209600,25.783505,1.584462,2.462234,23.718996,0
2026-08-27,sh.603339,24.3422877600,24.5297983800,24.1377307200,24.5127519600,24.3422877600,6061266,86728922.8800,1.958800,1,0.700300,25.964061,1.595557,2.479477,23.885095,0
